X	Y	P
0.0000 -3.3375 105.4834
0.6675 -3.3375 105.6692
1.3350 -3.3375 105.4584
2.0025 -3.3375 105.3683
2.6700 -3.3375 102.1876
3.3375 -3.3375 96.2655
4.0050 -3.3375 94.9686
4.6725 -3.3375 96.2659
5.3400 -3.3375 97.6882
6.0075 -3.3375 97.6492
6.6750 -3.3375 94.6527
7.3425 -3.3375 93.8971
8.0100 -3.3375 95.3720
8.6775 -3.3375 98.8588
9.3450 -3.3375 102.8048
10.0125 -3.3375 106.0450
10.6800 -3.3375 108.9882
11.3475 -3.3375 110.0890
12.0150 -3.3375 109.3477
12.6825 -3.3375 110.5971
13.3500 -3.3375 115.4611
14.0175 -3.3375 118.4616
14.6850 -3.3375 114.0202
15.3525 -3.3375 106.7513
16.0200 -3.3375 101.1567
16.6875 -3.3375 97.5550
17.3550 -3.3375 94.9054
18.0225 -3.3375 92.1823
18.6900 -3.3375 89.6435
19.3575 -3.3375 88.0796
20.0250 -3.3375 86.3641
20.6925 -3.3375 82.8326
21.3600 -3.3375 81.2541
22.0275 -3.3375 88.8058
22.6950 -3.3375 101.4663
23.3625 -3.3375 106.6620
24.0300 -3.3375 101.1042
24.6975 -3.3375 94.0593
25.3650 -3.3375 92.2826
26.0325 -3.3375 94.7473
26.7000 -3.3375 101.2943
27.3675 -3.3375 107.6577
28.0350 -3.3375 109.3105
28.7025 -3.3375 107.8664
29.3700 -3.3375 108.3387
30.0375 -3.3375 111.7146
30.7050 -3.3375 113.0109
31.3725 -3.3375 108.3869
32.0400 -3.3375 100.4625
32.7075 -3.3375 91.1271
33.3750 -3.3375 83.0000
34.0425 -3.3375 78.3343
34.7100 -3.3375 77.6430
35.3775 -3.3375 85.3350
36.0450 -3.3375 101.1198
36.7125 -3.3375 112.3665
37.3800 -3.3375 109.3790
38.0475 -3.3375 103.1849
38.7150 -3.3375 103.7506
39.3825 -3.3375 107.5569
40.0500 -3.3375 108.2982
40.7175 -3.3375 104.4266
41.3850 -3.3375 99.2060
42.0525 -3.3375 94.0746
42.7200 -3.3375 87.2724
43.3875 -3.3375 77.9819
44.0550 -3.3375 69.3969
44.7225 -3.3375 64.6402
45.3900 -3.3375 65.0174
46.0575 -3.3375 74.1111
46.7250 -3.3375 88.5095
47.3925 -3.3375 99.8595
48.0600 -3.3375 104.7407
48.7275 -3.3375 105.8162
49.3950 -3.3375 104.7129
50.0625 -3.3375 104.2503
50.7300 -3.3375 106.9548
51.3975 -3.3375 109.7950
52.0650 -3.3375 108.6317
52.7325 -3.3375 103.9602
53.4000 -3.3375 98.8923
54.0675 -3.3375 95.0834
54.7350 -3.3375 93.4799
55.4025 -3.3375 95.1527
56.0700 -3.3375 96.6806
56.7375 -3.3375 94.5515
57.4050 -3.3375 91.8545
58.0725 -3.3375 94.0323
58.7400 -3.3375 100.2269
59.4075 -3.3375 107.7452
60.0750 -3.3375 115.8416
60.7425 -3.3375 122.9155
61.4100 -3.3375 121.5040
62.0775 -3.3375 117.1354
62.7450 -3.3375 118.1560
63.4125 -3.3375 123.5840
64.0800 -3.3375 128.8059
64.7475 -3.3375 125.5136
65.4150 -3.3375 119.2280
66.0825 -3.3375 112.6204
66.7500 -3.3375 117.2935
0.0000 -2.6700 103.7116
0.6675 -2.6700 105.7856
1.3350 -2.6700 108.3093
2.0025 -2.6700 108.8356
2.6700 -2.6700 108.5938
3.3375 -2.6700 92.1346
4.0050 -2.6700 94.1058
4.6725 -2.6700 96.1102
5.3400 -2.6700 98.7554
6.0075 -2.6700 100.9650
6.6750 -2.6700 92.1954
7.3425 -2.6700 91.6486
8.0100 -2.6700 92.2396
8.6775 -2.6700 97.6325
9.3450 -2.6700 103.0502
10.0125 -2.6700 106.6997
10.6800 -2.6700 110.7500
11.3475 -2.6700 111.2364
12.0150 -2.6700 107.5157
12.6825 -2.6700 106.7765
13.3500 -2.6700 116.9951
14.0175 -2.6700 127.1571
14.6850 -2.6700 116.9494
15.3525 -2.6700 105.6148
16.0200 -2.6700 99.8668
16.6875 -2.6700 96.6235
17.3550 -2.6700 93.8843
18.0225 -2.6700 92.0200
18.6900 -2.6700 89.8730
19.3575 -2.6700 88.4828
20.0250 -2.6700 87.0902
20.6925 -2.6700 79.8807
21.3600 -2.6700 71.2297
22.0275 -2.6700 83.4822
22.6950 -2.6700 108.9115
23.3625 -2.6700 119.2616
24.0300 -2.6700 102.9837
24.6975 -2.6700 88.3055
25.3650 -2.6700 88.8738
26.0325 -2.6700 89.4417
26.7000 -2.6700 100.4010
27.3675 -2.6700 112.2980
28.0350 -2.6700 112.4724
28.7025 -2.6700 106.3048
29.3700 -2.6700 105.6837
30.0375 -2.6700 113.9925
30.7050 -2.6700 120.3910
31.3725 -2.6700 111.9045
32.0400 -2.6700 103.4163
32.7075 -2.6700 91.3106
33.3750 -2.6700 78.2210
34.0425 -2.6700 71.1665
34.7100 -2.6700 68.5697
35.3775 -2.6700 76.4229
36.0450 -2.6700 104.6100
36.7125 -2.6700 128.9286
37.3800 -2.6700 112.8557
38.0475 -2.6700 96.7811
38.7150 -2.6700 101.7962
39.3825 -2.6700 110.9064
40.0500 -2.6700 111.6220
40.7175 -2.6700 106.1566
41.3850 -2.6700 100.8490
42.0525 -2.6700 96.2312
42.7200 -2.6700 90.9701
43.3875 -2.6700 77.4360
44.0550 -2.6700 63.9012
44.7225 -2.6700 58.4134
45.3900 -2.6700 54.6129
46.0575 -2.6700 66.8813
46.7250 -2.6700 91.2203
47.3925 -2.6700 107.9807
48.0600 -2.6700 108.6920
48.7275 -2.6700 109.0936
49.3950 -2.6700 104.9743
50.0625 -2.6700 100.8550
50.7300 -2.6700 106.5130
51.3975 -2.6700 114.3258
52.0650 -2.6700 112.8414
52.7325 -2.6700 104.4253
53.4000 -2.6700 97.3730
54.0675 -2.6700 93.1600
54.7350 -2.6700 89.6257
55.4025 -2.6700 95.0489
56.0700 -2.6700 100.4721
56.7375 -2.6700 94.8952
57.4050 -2.6700 86.9275
58.0725 -2.6700 88.0596
58.7400 -2.6700 98.7478
59.4075 -2.6700 108.2295
60.0750 -2.6700 115.1855
60.7425 -2.6700 134.6048
61.4100 -2.6700 123.1678
62.0775 -2.6700 111.7305
62.7450 -2.6700 115.1960
63.4125 -2.6700 121.7904
64.0800 -2.6700 139.8351
64.7475 -2.6700 128.2285
65.4150 -2.6700 119.6697
66.0825 -2.6700 117.3262
66.7500 -2.6700 116.3525
0.0000 -2.0025 130.2802
0.6675 -2.0025 104.1038
1.3350 -2.0025 106.8264
2.0025 -2.0025 108.9276
2.6700 -2.0025 108.6777
3.3375 -2.0025 108.4260
4.0050 -2.0025 93.3472
4.6725 -2.0025 95.4169
5.3400 -2.0025 97.8724
6.0075 -2.0025 100.1589
6.6750 -2.0025 92.3254
7.3425 -2.0025 91.7712
8.0100 -2.0025 91.2383
8.6775 -2.0025 96.3829
9.3450 -2.0025 101.8754
10.0125 -2.0025 106.1102
10.6800 -2.0025 110.1827
11.3475 -2.0025 111.7447
12.0150 -2.0025 108.0057
12.6825 -2.0025 105.3263
13.3500 -2.0025 115.6008
14.0175 -2.0025 125.8808
14.6850 -2.0025 118.4045
15.3525 -2.0025 107.0189
16.0200 -2.0025 100.2268
16.6875 -2.0025 96.9726
17.3550 -2.0025 94.0977
18.0225 -2.0025 92.2267
18.6900 -2.0025 90.1777
19.3575 -2.0025 88.7737
20.0250 -2.0025 87.3684
20.6925 -2.0025 80.5848
21.3600 -2.0025 71.9188
22.0275 -2.0025 81.2423
22.6950 -2.0025 106.7259
23.3625 -2.0025 120.6332
24.0300 -2.0025 104.3234
24.6975 -2.0025 88.3326
25.3650 -2.0025 88.8985
26.0325 -2.0025 89.4641
26.7000 -2.0025 99.2406
27.3675 -2.0025 111.1679
28.0350 -2.0025 113.1041
28.7025 -2.0025 106.9198
29.3700 -2.0025 105.0014
30.0375 -2.0025 113.3255
30.7050 -2.0025 121.0711
31.3725 -2.0025 112.5695
32.0400 -2.0025 104.0671
32.7075 -2.0025 92.1495
33.3750 -2.0025 79.0449
34.0425 -2.0025 71.3521
34.7100 -2.0025 68.7516
35.3775 -2.0025 74.6103
36.0450 -2.0025 102.8298
36.7125 -2.0025 129.9623
37.3800 -2.0025 113.8707
38.0475 -2.0025 97.7783
38.7150 -2.0025 101.2445
39.3825 -2.0025 110.3640
40.0500 -2.0025 111.8893
40.7175 -2.0025 106.4203
41.3850 -2.0025 101.1148
42.0525 -2.0025 96.4928
42.7200 -2.0025 91.6841
43.3875 -2.0025 78.1395
44.0550 -2.0025 64.5944
44.7225 -2.0025 58.5962
45.3900 -2.0025 54.7932
46.0575 -2.0025 65.7094
46.7250 -2.0025 90.0642
47.3925 -2.0025 107.9456
48.0600 -2.0025 108.6575
48.7275 -2.0025 109.2663
49.3950 -2.0025 105.1450
50.0625 -2.0025 101.0237
50.7300 -2.0025 106.1609
51.3975 -2.0025 113.9781
52.0650 -2.0025 113.2105
52.7325 -2.0025 104.7898
53.4000 -2.0025 97.5502
54.0675 -2.0025 93.3350
54.7350 -2.0025 89.4070
55.4025 -2.0025 94.8326
56.0700 -2.0025 100.2583
56.7375 -2.0025 95.2131
57.4050 -2.0025 87.2418
58.0725 -2.0025 87.6420
58.7400 -2.0025 98.3349
59.4075 -2.0025 107.9633
60.0750 -2.0025 114.9223
60.7425 -2.0025 135.0362
61.4100 -2.0025 123.5947
62.0775 -2.0025 112.1528
62.7450 -2.0025 114.9494
63.4125 -2.0025 121.5464
64.0800 -2.0025 140.2584
64.7475 -2.0025 128.6474
65.4150 -2.0025 119.7533
66.0825 -2.0025 117.4091
66.7500 -2.0025 116.0238
0.0000 -1.3350 137.9873
0.6675 -1.3350 102.8052
1.3350 -1.3350 105.7019
2.0025 -1.3350 108.6407
2.6700 -1.3350 108.7393
3.3375 -1.3350 108.4823
4.0050 -1.3350 92.7884
4.6725 -1.3350 94.9088
5.3400 -1.3350 97.2221
6.0075 -1.3350 99.5682
6.6750 -1.3350 92.4191
7.3425 -1.3350 91.8596
8.0100 -1.3350 91.2996
8.6775 -1.3350 95.4782
9.3450 -1.3350 101.0264
10.0125 -1.3350 105.6874
10.6800 -1.3350 109.7758
11.3475 -1.3350 112.1093
12.0150 -1.3350 108.3571
12.6825 -1.3350 104.6080
13.3500 -1.3350 114.6002
14.0175 -1.3350 124.9176
14.6850 -1.3350 119.4481
15.3525 -1.3350 108.0256
16.0200 -1.3350 100.4847
16.6875 -1.3350 97.2227
17.3550 -1.3350 94.2506
18.0225 -1.3350 92.3747
18.6900 -1.3350 90.4986
19.3575 -1.3350 88.9827
20.0250 -1.3350 87.5682
20.6925 -1.3350 81.0884
21.3600 -1.3350 72.4116
22.0275 -1.3350 79.6394
22.6950 -1.3350 105.1621
23.3625 -1.3350 121.6145
24.0300 -1.3350 105.2818
24.6975 -1.3350 88.9483
25.3650 -1.3350 88.9164
26.0325 -1.3350 89.4804
26.7000 -1.3350 98.4099
27.3675 -1.3350 110.3591
28.0350 -1.3350 113.5563
28.7025 -1.3350 107.3600
29.3700 -1.3350 104.5133
30.0375 -1.3350 112.8484
30.7050 -1.3350 121.1840
31.3725 -1.3350 113.0453
32.0400 -1.3350 104.5325
32.7075 -1.3350 92.7493
33.3750 -1.3350 79.6340
34.0425 -1.3350 71.4847
34.7100 -1.3350 68.8817
35.3775 -1.3350 73.3141
36.0450 -1.3350 101.5571
36.7125 -1.3350 129.8009
37.3800 -1.3350 114.5966
38.0475 -1.3350 98.4913
38.7150 -1.3350 100.8501
39.3825 -1.3350 109.9763
40.0500 -1.3350 112.0804
40.7175 -1.3350 106.6087
41.3850 -1.3350 101.3048
42.0525 -1.3350 96.6797
42.7200 -1.3350 92.0545
43.3875 -1.3350 78.6423
44.0550 -1.3350 65.0899
44.7225 -1.3350 58.7268
45.3900 -1.3350 54.9220
46.0575 -1.3350 64.8718
46.7250 -1.3350 89.2381
47.3925 -1.3350 107.9206
48.0600 -1.3350 108.6328
48.7275 -1.3350 109.3449
49.3950 -1.3350 105.2670
50.0625 -1.3350 101.1442
50.7300 -1.3350 105.9092
51.3975 -1.3350 113.7296
52.0650 -1.3350 113.4743
52.7325 -1.3350 105.0503
53.4000 -1.3350 97.6767
54.0675 -1.3350 93.4601
54.7350 -1.3350 89.2507
55.4025 -1.3350 94.6781
56.0700 -1.3350 100.1055
56.7375 -1.3350 95.4403
57.4050 -1.3350 87.4664
58.0725 -1.3350 87.3437
58.7400 -1.3350 98.0398
59.4075 -1.3350 107.7732
60.0750 -1.3350 114.7342
60.7425 -1.3350 135.3445
61.4100 -1.3350 123.8996
62.0775 -1.3350 112.4546
62.7450 -1.3350 114.7732
63.4125 -1.3350 121.3720
64.0800 -1.3350 140.5607
64.7475 -1.3350 128.9467
65.4150 -1.3350 119.8132
66.0825 -1.3350 117.4683
66.7500 -1.3350 115.9348
0.0000 -0.6675 142.7998
0.6675 -0.6675 120.7963
1.3350 -0.6675 104.9967
2.0025 -0.6675 108.0269
2.6700 -0.6675 108.7770
3.3375 -0.6675 108.5167
4.0050 -0.6675 92.4457
4.6725 -0.6675 94.5985
5.3400 -0.6675 96.8236
6.0075 -0.6675 99.2074
6.6750 -0.6675 101.5934
7.3425 -0.6675 91.9128
8.0100 -0.6675 91.3500
8.6775 -0.6675 94.9303
9.3450 -0.6675 100.5129
10.0125 -0.6675 105.4329
10.6800 -0.6675 109.5310
11.3475 -0.6675 112.3287
12.0150 -0.6675 108.5685
12.6825 -0.6675 104.8081
13.3500 -0.6675 113.9980
14.0175 -0.6675 124.3381
14.6850 -0.6675 120.0760
15.3525 -0.6675 108.6312
16.0200 -0.6675 100.6397
16.6875 -0.6675 97.3730
17.3550 -0.6675 94.3426
18.0225 -0.6675 92.4638
18.6900 -0.6675 90.5849
19.3575 -0.6675 89.1085
20.0250 -0.6675 87.6885
20.6925 -0.6675 81.3908
21.3600 -0.6675 72.7076
22.0275 -0.6675 78.6765
22.6950 -0.6675 104.2227
23.3625 -0.6675 122.2040
24.0300 -0.6675 105.8576
24.6975 -0.6675 89.5108
25.3650 -0.6675 88.9272
26.0325 -0.6675 89.4902
26.7000 -0.6675 97.9108
27.3675 -0.6675 109.8732
28.0350 -0.6675 113.8280
28.7025 -0.6675 107.6244
29.3700 -0.6675 104.2201
30.0375 -0.6675 112.5619
30.7050 -0.6675 120.9038
31.3725 -0.6675 113.3310
32.0400 -0.6675 104.8120
32.7075 -0.6675 93.1094
33.3750 -0.6675 79.9876
34.0425 -0.6675 71.5644
34.7100 -0.6675 68.9597
35.3775 -0.6675 72.5359
36.0450 -0.6675 100.7930
36.7125 -0.6675 129.0502
37.3800 -0.6675 115.0323
38.0475 -0.6675 98.9193
38.7150 -0.6675 100.6134
39.3825 -0.6675 109.7435
40.0500 -0.6675 112.1951
40.7175 -0.6675 106.7218
41.3850 -0.6675 101.4189
42.0525 -0.6675 96.7919
42.7200 -0.6675 92.1649
43.3875 -0.6675 78.9442
44.0550 -0.6675 65.3873
44.7225 -0.6675 58.8052
45.3900 -0.6675 54.9994
46.0575 -0.6675 64.3691
46.7250 -0.6675 88.7422
47.3925 -0.6675 107.9056
48.0600 -0.6675 108.6179
48.7275 -0.6675 109.3303
49.3950 -0.6675 105.3401
50.0625 -0.6675 101.2166
50.7300 -0.6675 105.7581
51.3975 -0.6675 113.5804
52.0650 -0.6675 113.6326
52.7325 -0.6675 105.2067
53.4000 -0.6675 97.7527
54.0675 -0.6675 93.5351
54.7350 -0.6675 89.3176
55.4025 -0.6675 94.5853
56.0700 -0.6675 100.0138
56.7375 -0.6675 95.5766
57.4050 -0.6675 87.6012
58.0725 -0.6675 87.1646
58.7400 -0.6675 97.8628
59.4075 -0.6675 107.6590
60.0750 -0.6675 114.6213
60.7425 -0.6675 121.5835
61.4100 -0.6675 124.0826
62.0775 -0.6675 112.6357
62.7450 -0.6675 114.6675
63.4125 -0.6675 121.2675
64.0800 -0.6675 140.7422
64.7475 -0.6675 129.1262
65.4150 -0.6675 119.8491
66.0825 -0.6675 117.5038
66.7500 -0.6675 115.9530
0.0000 0.0000 144.4383
0.6675 0.0000 122.2250
1.3350 0.0000 104.7561
2.0025 0.0000 107.8186
2.6700 0.0000 108.7896
3.3375 0.0000 108.5282
4.0050 0.0000 92.3301
4.6725 0.0000 94.4941
5.3400 0.0000 96.6894
6.0075 0.0000 99.0861
6.6750 0.0000 101.4828
7.3425 0.0000 91.9307
8.0100 0.0000 91.3669
8.6775 0.0000 94.7469
9.3450 0.0000 100.3410
10.0125 0.0000 105.3480
10.6800 0.0000 109.4493
11.3475 0.0000 112.4019
12.0150 0.0000 108.6390
12.6825 0.0000 104.8762
13.3500 0.0000 113.7969
14.0175 0.0000 124.1446
14.6850 0.0000 120.2856
15.3525 0.0000 108.8333
16.0200 0.0000 100.6914
16.6875 0.0000 97.4231
17.3550 0.0000 94.3733
18.0225 0.0000 92.4935
18.6900 0.0000 90.6137
19.3575 0.0000 89.1506
20.0250 0.0000 87.7286
20.6925 0.0000 81.4916
21.3600 0.0000 72.8063
22.0275 0.0000 78.3553
22.6950 0.0000 103.9093
23.3625 0.0000 122.4006
24.0300 0.0000 106.0496
24.6975 0.0000 89.6985
25.3650 0.0000 88.9308
26.0325 0.0000 89.4935
26.7000 0.0000 97.7443
27.3675 0.0000 109.7111
28.0350 0.0000 113.9187
28.7025 0.0000 107.7126
29.3700 0.0000 104.1224
30.0375 0.0000 112.4664
30.7050 0.0000 120.8104
31.3725 0.0000 113.4263
32.0400 0.0000 104.9052
32.7075 0.0000 93.2294
33.3750 0.0000 80.1056
34.0425 0.0000 71.5910
34.7100 0.0000 68.9858
35.3775 0.0000 72.2766
36.0450 0.0000 100.5382
36.7125 0.0000 128.8000
37.3800 0.0000 115.1776
38.0475 0.0000 99.0620
38.7150 0.0000 100.5344
39.3825 0.0000 109.6659
40.0500 0.0000 112.2332
40.7175 0.0000 106.7595
41.3850 0.0000 101.4569
42.0525 0.0000 96.8293
42.7200 0.0000 92.2017
43.3875 0.0000 79.0448
44.0550 0.0000 65.4865
44.7225 0.0000 58.8314
45.3900 0.0000 55.0252
46.0575 0.0000 64.2015
46.7250 0.0000 88.5769
47.3925 0.0000 107.9005
48.0600 0.0000 108.6130
48.7275 0.0000 109.3254
49.3950 0.0000 105.3645
50.0625 0.0000 101.2407
50.7300 0.0000 105.7078
51.3975 0.0000 113.5307
52.0650 0.0000 113.6853
52.7325 0.0000 105.2588
53.4000 0.0000 97.7780
54.0675 0.0000 93.5602
54.7350 0.0000 89.3423
55.4025 0.0000 94.5544
56.0700 0.0000 99.9832
56.7375 0.0000 95.6221
57.4050 0.0000 87.6461
58.0725 0.0000 87.1049
58.7400 0.0000 97.8037
59.4075 0.0000 107.6210
60.0750 0.0000 114.5836
60.7425 0.0000 121.5463
61.4100 0.0000 124.1435
62.0775 0.0000 112.6960
62.7450 0.0000 114.6323
63.4125 0.0000 121.2326
64.0800 0.0000 140.8028
64.7475 0.0000 129.1861
65.4150 0.0000 119.8610
66.0825 0.0000 117.5157
66.7500 0.0000 115.4286
0.0000 0.6675 142.7998
0.6675 0.6675 120.7963
1.3350 0.6675 104.9968
2.0025 0.6675 108.0269
2.6700 0.6675 108.7770
3.3375 0.6675 108.5167
4.0050 0.6675 92.4457
4.6725 0.6675 94.5985
5.3400 0.6675 96.8236
6.0075 0.6675 99.2074
6.6750 0.6675 101.5934
7.3425 0.6675 91.9128
8.0100 0.6675 91.3500
8.6775 0.6675 94.9303
9.3450 0.6675 100.5129
10.0125 0.6675 105.4329
10.6800 0.6675 109.5310
11.3475 0.6675 112.3287
12.0150 0.6675 108.5685
12.6825 0.6675 104.8081
13.3500 0.6675 113.9980
14.0175 0.6675 124.3381
14.6850 0.6675 120.0760
15.3525 0.6675 108.6312
16.0200 0.6675 100.6397
16.6875 0.6675 97.3730
17.3550 0.6675 94.3426
18.0225 0.6675 92.4638
18.6900 0.6675 90.5849
19.3575 0.6675 89.1085
20.0250 0.6675 87.6885
20.6925 0.6675 81.3908
21.3600 0.6675 72.7076
22.0275 0.6675 78.6765
22.6950 0.6675 104.2227
23.3625 0.6675 122.2040
24.0300 0.6675 105.8576
24.6975 0.6675 89.5108
25.3650 0.6675 88.9272
26.0325 0.6675 89.4902
26.7000 0.6675 97.9108
27.3675 0.6675 109.8732
28.0350 0.6675 113.8280
28.7025 0.6675 107.6244
29.3700 0.6675 104.2201
30.0375 0.6675 112.5619
30.7050 0.6675 120.9038
31.3725 0.6675 113.3310
32.0400 0.6675 104.8120
32.7075 0.6675 93.1094
33.3750 0.6675 79.9876
34.0425 0.6675 71.5644
34.7100 0.6675 68.9597
35.3775 0.6675 72.5359
36.0450 0.6675 100.7930
36.7125 0.6675 129.0502
37.3800 0.6675 115.0323
38.0475 0.6675 98.9193
38.7150 0.6675 100.6134
39.3825 0.6675 109.7435
40.0500 0.6675 112.1951
40.7175 0.6675 106.7218
41.3850 0.6675 101.4189
42.0525 0.6675 96.7919
42.7200 0.6675 92.1649
43.3875 0.6675 78.9442
44.0550 0.6675 65.3873
44.7225 0.6675 58.8052
45.3900 0.6675 54.9994
46.0575 0.6675 64.3691
46.7250 0.6675 88.7422
47.3925 0.6675 107.9056
48.0600 0.6675 108.6179
48.7275 0.6675 109.3303
49.3950 0.6675 105.3401
50.0625 0.6675 101.2166
50.7300 0.6675 105.7581
51.3975 0.6675 113.5804
52.0650 0.6675 113.6326
52.7325 0.6675 105.2067
53.4000 0.6675 97.7527
54.0675 0.6675 93.5351
54.7350 0.6675 89.3176
55.4025 0.6675 94.5853
56.0700 0.6675 100.0138
56.7375 0.6675 95.5766
57.4050 0.6675 87.6012
58.0725 0.6675 87.1646
58.7400 0.6675 97.8628
59.4075 0.6675 107.6590
60.0750 0.6675 114.6213
60.7425 0.6675 121.5835
61.4100 0.6675 124.0826
62.0775 0.6675 112.6357
62.7450 0.6675 114.6675
63.4125 0.6675 121.2675
64.0800 0.6675 140.7422
64.7475 0.6675 129.1262
65.4150 0.6675 119.8491
66.0825 0.6675 117.5038
66.7500 0.6675 115.4181
0.0000 1.3350 137.9873
0.6675 1.3350 102.8052
1.3350 1.3350 105.7019
2.0025 1.3350 108.6407
2.6700 1.3350 108.7393
3.3375 1.3350 108.4823
4.0050 1.3350 92.7884
4.6725 1.3350 94.9088
5.3400 1.3350 97.2221
6.0075 1.3350 99.5682
6.6750 1.3350 92.4191
7.3425 1.3350 91.8596
8.0100 1.3350 91.2996
8.6775 1.3350 95.4782
9.3450 1.3350 101.0264
10.0125 1.3350 105.6874
10.6800 1.3350 109.7758
11.3475 1.3350 112.1093
12.0150 1.3350 108.3571
12.6825 1.3350 104.6080
13.3500 1.3350 114.6002
14.0175 1.3350 124.9176
14.6850 1.3350 119.4481
15.3525 1.3350 108.0256
16.0200 1.3350 100.4847
16.6875 1.3350 97.2227
17.3550 1.3350 94.2506
18.0225 1.3350 92.3747
18.6900 1.3350 90.4986
19.3575 1.3350 88.9827
20.0250 1.3350 87.5682
20.6925 1.3350 81.0884
21.3600 1.3350 72.4116
22.0275 1.3350 79.6394
22.6950 1.3350 105.1621
23.3625 1.3350 121.6145
24.0300 1.3350 105.2818
24.6975 1.3350 88.9483
25.3650 1.3350 88.9164
26.0325 1.3350 89.4804
26.7000 1.3350 98.4099
27.3675 1.3350 110.3591
28.0350 1.3350 113.5563
28.7025 1.3350 107.3600
29.3700 1.3350 104.5133
30.0375 1.3350 112.8484
30.7050 1.3350 121.1840
31.3725 1.3350 113.0453
32.0400 1.3350 104.5325
32.7075 1.3350 92.7493
33.3750 1.3350 79.6340
34.0425 1.3350 71.4847
34.7100 1.3350 68.8817
35.3775 1.3350 73.3141
36.0450 1.3350 101.5571
36.7125 1.3350 129.8009
37.3800 1.3350 114.5966
38.0475 1.3350 98.4913
38.7150 1.3350 100.8501
39.3825 1.3350 109.9763
40.0500 1.3350 112.0804
40.7175 1.3350 106.6087
41.3850 1.3350 101.3048
42.0525 1.3350 96.6797
42.7200 1.3350 92.0545
43.3875 1.3350 78.6423
44.0550 1.3350 65.0899
44.7225 1.3350 58.7268
45.3900 1.3350 54.9220
46.0575 1.3350 64.8718
46.7250 1.3350 89.2381
47.3925 1.3350 107.9206
48.0600 1.3350 108.6328
48.7275 1.3350 109.3449
49.3950 1.3350 105.2670
50.0625 1.3350 101.1442
50.7300 1.3350 105.9092
51.3975 1.3350 113.7296
52.0650 1.3350 113.4743
52.7325 1.3350 105.0503
53.4000 1.3350 97.6767
54.0675 1.3350 93.4601
54.7350 1.3350 89.2507
55.4025 1.3350 94.6781
56.0700 1.3350 100.1055
56.7375 1.3350 95.4403
57.4050 1.3350 87.4664
58.0725 1.3350 87.3437
58.7400 1.3350 98.0398
59.4075 1.3350 107.7732
60.0750 1.3350 114.7342
60.7425 1.3350 135.3445
61.4100 1.3350 123.8996
62.0775 1.3350 112.4546
62.7450 1.3350 114.7732
63.4125 1.3350 121.3720
64.0800 1.3350 140.5607
64.7475 1.3350 128.9467
65.4150 1.3350 119.8132
66.0825 1.3350 117.4683
66.7500 1.3350 115.9355
0.0000 2.0025 130.2802
0.6675 2.0025 104.1039
1.3350 2.0025 106.8264
2.0025 2.0025 108.9276
2.6700 2.0025 108.6777
3.3375 2.0025 108.4260
4.0050 2.0025 93.3472
4.6725 2.0025 95.4169
5.3400 2.0025 97.8724
6.0075 2.0025 100.1589
6.6750 2.0025 92.3254
7.3425 2.0025 91.7712
8.0100 2.0025 91.2383
8.6775 2.0025 96.3829
9.3450 2.0025 101.8754
10.0125 2.0025 106.1102
10.6800 2.0025 110.1827
11.3475 2.0025 111.7447
12.0150 2.0025 108.0057
12.6825 2.0025 105.3263
13.3500 2.0025 115.6008
14.0175 2.0025 125.8808
14.6850 2.0025 118.4045
15.3525 2.0025 107.0189
16.0200 2.0025 100.2268
16.6875 2.0025 96.9726
17.3550 2.0025 94.0977
18.0225 2.0025 92.2267
18.6900 2.0025 90.1777
19.3575 2.0025 88.7737
20.0250 2.0025 87.3684
20.6925 2.0025 80.5848
21.3600 2.0025 71.9188
22.0275 2.0025 81.2423
22.6950 2.0025 106.7259
23.3625 2.0025 120.6332
24.0300 2.0025 104.3234
24.6975 2.0025 88.3326
25.3650 2.0025 88.8985
26.0325 2.0025 89.4641
26.7000 2.0025 99.2406
27.3675 2.0025 111.1679
28.0350 2.0025 113.1041
28.7025 2.0025 106.9198
29.3700 2.0025 105.0014
30.0375 2.0025 113.3255
30.7050 2.0025 121.0711
31.3725 2.0025 112.5695
32.0400 2.0025 104.0671
32.7075 2.0025 92.1495
33.3750 2.0025 79.0449
34.0425 2.0025 71.3521
34.7100 2.0025 68.7516
35.3775 2.0025 74.6103
36.0450 2.0025 102.8298
36.7125 2.0025 129.9623
37.3800 2.0025 113.8707
38.0475 2.0025 97.7783
38.7150 2.0025 101.2445
39.3825 2.0025 110.3640
40.0500 2.0025 111.8893
40.7175 2.0025 106.4203
41.3850 2.0025 101.1148
42.0525 2.0025 96.4928
42.7200 2.0025 91.6841
43.3875 2.0025 78.1395
44.0550 2.0025 64.5944
44.7225 2.0025 58.5962
45.3900 2.0025 54.7932
46.0575 2.0025 65.7094
46.7250 2.0025 90.0642
47.3925 2.0025 107.9456
48.0600 2.0025 108.6575
48.7275 2.0025 109.2663
49.3950 2.0025 105.1450
50.0625 2.0025 101.0237
50.7300 2.0025 106.1609
51.3975 2.0025 113.9781
52.0650 2.0025 113.2105
52.7325 2.0025 104.7898
53.4000 2.0025 97.5502
54.0675 2.0025 93.3350
54.7350 2.0025 89.4070
55.4025 2.0025 94.8326
56.0700 2.0025 100.2583
56.7375 2.0025 95.2131
57.4050 2.0025 87.2418
58.0725 2.0025 87.6420
58.7400 2.0025 98.3349
59.4075 2.0025 107.9633
60.0750 2.0025 114.9223
60.7425 2.0025 135.0362
61.4100 2.0025 123.5947
62.0775 2.0025 112.1528
62.7450 2.0025 114.9494
63.4125 2.0025 121.5464
64.0800 2.0025 140.2584
64.7475 2.0025 128.6474
65.4150 2.0025 119.7533
66.0825 2.0025 117.4091
66.7500 2.0025 115.9412
0.0000 2.6700 103.7116
0.6675 2.6700 105.7856
1.3350 2.6700 108.3093
2.0025 2.6700 108.8356
2.6700 2.6700 108.5938
3.3375 2.6700 92.1346
4.0050 2.6700 94.1058
4.6725 2.6700 96.1102
5.3400 2.6700 98.7554
6.0075 2.6700 100.9650
6.6750 2.6700 92.1954
7.3425 2.6700 91.6486
8.0100 2.6700 92.2396
8.6775 2.6700 97.6325
9.3450 2.6700 103.0502
10.0125 2.6700 106.6997
10.6800 2.6700 110.7500
11.3475 2.6700 111.2364
12.0150 2.6700 107.5157
12.6825 2.6700 106.7765
13.3500 2.6700 116.9951
14.0175 2.6700 127.1571
14.6850 2.6700 116.9494
15.3525 2.6700 105.6148
16.0200 2.6700 99.8668
16.6875 2.6700 96.6235
17.3550 2.6700 93.8843
18.0225 2.6700 92.0200
18.6900 2.6700 89.8730
19.3575 2.6700 88.4828
20.0250 2.6700 87.0902
20.6925 2.6700 79.8807
21.3600 2.6700 71.2297
22.0275 2.6700 83.4822
22.6950 2.6700 108.9115
23.3625 2.6700 119.2616
24.0300 2.6700 102.9837
24.6975 2.6700 88.3055
25.3650 2.6700 88.8738
26.0325 2.6700 89.4417
26.7000 2.6700 100.4010
27.3675 2.6700 112.2980
28.0350 2.6700 112.4724
28.7025 2.6700 106.3048
29.3700 2.6700 105.6837
30.0375 2.6700 113.9925
30.7050 2.6700 120.3910
31.3725 2.6700 111.9045
32.0400 2.6700 103.4163
32.7075 2.6700 91.3106
33.3750 2.6700 78.2210
34.0425 2.6700 71.1665
34.7100 2.6700 68.5697
35.3775 2.6700 76.4229
36.0450 2.6700 104.6100
36.7125 2.6700 128.9286
37.3800 2.6700 112.8556
38.0475 2.6700 96.7811
38.7150 2.6700 101.7962
39.3825 2.6700 110.9064
40.0500 2.6700 111.6220
40.7175 2.6700 106.1566
41.3850 2.6700 100.8490
42.0525 2.6700 96.2312
42.7200 2.6700 90.9701
43.3875 2.6700 77.4360
44.0550 2.6700 63.9012
44.7225 2.6700 58.4134
45.3900 2.6700 54.6129
46.0575 2.6700 66.8813
46.7250 2.6700 91.2203
47.3925 2.6700 107.9807
48.0600 2.6700 108.6920
48.7275 2.6700 109.0936
49.3950 2.6700 104.9743
50.0625 2.6700 100.8550
50.7300 2.6700 106.5130
51.3975 2.6700 114.3258
52.0650 2.6700 112.8414
52.7325 2.6700 104.4253
53.4000 2.6700 97.3730
54.0675 2.6700 93.1600
54.7350 2.6700 89.6257
55.4025 2.6700 95.0489
56.0700 2.6700 100.4721
56.7375 2.6700 94.8952
57.4050 2.6700 86.9275
58.0725 2.6700 88.0596
58.7400 2.6700 98.7478
59.4075 2.6700 108.2295
60.0750 2.6700 115.1855
60.7425 2.6700 134.6048
61.4100 2.6700 123.1678
62.0775 2.6700 111.7305
62.7450 2.6700 115.1960
63.4125 2.6700 121.7904
64.0800 2.6700 139.8351
64.7475 2.6700 128.2285
65.4150 2.6700 119.6697
66.0825 2.6700 117.3262
66.7500 2.6700 116.0088
0.0000 3.3375 105.6014
0.6675 3.3375 106.9448
1.3350 3.3375 105.2944
2.0025 3.3375 105.1270
2.6700 3.3375 102.0693
3.3375 3.3375 96.6231
4.0050 3.3375 95.3287
4.6725 3.3375 96.0851
5.3400 3.3375 97.5818
6.0075 3.3375 97.0354
6.6750 3.3375 94.8092
7.3425 3.3375 93.8451
8.0100 3.3375 95.2287
8.6775 3.3375 98.9044
9.3450 3.3375 102.6681
10.0125 3.3375 106.0068
10.6800 3.3375 108.5539
11.3475 3.3375 109.8946
12.0150 3.3375 109.9757
12.6825 3.3375 111.0055
13.3500 3.3375 115.6265
14.0175 3.3375 118.6009
14.6850 3.3375 114.1137
15.3525 3.3375 106.7655
16.0200 3.3375 101.3867
16.6875 3.3375 97.8453
17.3550 3.3375 94.7042
18.0225 3.3375 92.2200
18.6900 3.3375 89.8231
19.3575 3.3375 87.4286
20.0250 3.3375 85.3944
20.6925 3.3375 82.6760
21.3600 3.3375 81.9126
22.0275 3.3375 89.0731
22.6950 3.3375 101.2744
23.3625 3.3375 106.6656
24.0300 3.3375 100.5525
24.6975 3.3375 93.8253
25.3650 3.3375 92.8557
26.0325 3.3375 95.2606
26.7000 3.3375 100.8945
27.3675 3.3375 106.9777
28.0350 3.3375 109.2414
28.7025 3.3375 108.2637
29.3700 3.3375 108.7802
30.0375 3.3375 112.3516
30.7050 3.3375 113.4932
31.3725 3.3375 108.4819
32.0400 3.3375 100.4832
32.7075 3.3375 90.9411
33.3750 3.3375 82.1226
34.0425 3.3375 77.4564
34.7100 3.3375 78.2869
35.3775 3.3375 85.4813
36.0450 3.3375 100.4226
36.7125 3.3375 112.0457
37.3800 3.3375 109.5149
38.0475 3.3375 103.4358
38.7150 3.3375 104.3656
39.3825 3.3375 108.3534
40.0500 3.3375 108.2114
40.7175 3.3375 104.5366
41.3850 3.3375 99.7274
42.0525 3.3375 94.3900
42.7200 3.3375 87.4359
43.3875 3.3375 77.3830
44.0550 3.3375 68.4073
44.7225 3.3375 64.0696
45.3900 3.3375 64.9966
46.0575 3.3375 73.7282
46.7250 3.3375 88.3329
47.3925 3.3375 99.9703
48.0600 3.3375 104.4201
48.7275 3.3375 105.7821
49.3950 3.3375 105.3660
50.0625 3.3375 104.9374
50.7300 3.3375 107.1261
51.3975 3.3375 109.9469
52.0650 3.3375 108.7072
52.7325 3.3375 103.6237
53.4000 3.3375 98.8216
54.0675 3.3375 95.5225
54.7350 3.3375 93.7033
55.4025 3.3375 94.8296
56.0700 3.3375 96.1556
56.7375 3.3375 94.2411
57.4050 3.3375 91.5341
58.0725 3.3375 93.4034
58.7400 3.3375 101.0226
59.4075 3.3375 108.0688
60.0750 3.3375 115.4558
60.7425 3.3375 122.6759
61.4100 3.3375 121.1602
62.0775 3.3375 117.9554
62.7450 3.3375 118.4436
63.4125 3.3375 124.1743
64.0800 3.3375 129.3086
64.7475 3.3375 125.2881
65.4150 3.3375 119.2851
66.0825 3.3375 112.6926
66.7500 3.3375 117.5736
