电流	  ,电压1	  ,电压2	  ,电压3	  ,电压4	  ,电压5	  ,电压6	  ,电压7	  ,电压8	  ,电压9	  ,电压10	  ,电压11	  ,电压12	  ,电压13	  ,电压14	  ,电压15	  ,电压16	  ,电压17	  ,电压18	  ,电压19	  ,电压20	  ,电压21	  ,电压22	  ,电压23	  ,电压24	  ,电压25	  ,电压26	  ,电压27	  ,电压28	  ,电压29	  ,电压30	  ,电压31	  ,电压32	  ,电压33	  ,电压34	  ,电压35	  ,电压36	  ,电压37	  ,电压38	  ,电压39	  ,电压40	  ,电压41	  ,电压42	  ,电压43	  ,电压44	  ,电压45	  ,电压46	  ,电压47	  ,电压48	  ,
56.2246056	,0.0000000	,148.8036499	,44.4869270	,20.8011417	,9.6533451	,5.3762360	,3.5187988	,2.2361526	,1.6007557	,0.9054642	,0.2623634	,-0.3195534	,-1.0102234	,-1.9614067	,-1.6259041	,-1.6044235	,-1.5829430	,-1.5710068	,-1.4620667	,-1.3762779	,-1.4204597	,-1.4541550	,-1.5900497	,-1.7453823	,-1.9007149	,-2.0373993	,-2.0941277	,-2.1426964	,-2.1156311	,-2.1137505	,-2.0480576	,-2.0566559	,-2.0652542	,-1.9326439	,-1.7947693	,-1.7649803	,-1.8819885	,-1.9608078	,-1.9664001	,-1.9602509	,-1.9541016	,-1.9361963	,-2.1101341	,-2.4989395	,-3.0569129	,-2.6684761	,-2.5983505	,-3.0976543	,
100.7294006	,269.4467773	,0.0000000	,242.5467834	,89.8684387	,36.6593018	,19.0488129	,12.5049591	,8.5227776	,6.6933346	,5.0034370	,3.5868721	,2.3879623	,0.9705963	,-0.7830544	,-0.2853127	,-0.3016968	,-0.3180809	,-0.3230476	,-0.1746521	,-0.0584812	,-0.1566849	,-0.2249832	,-0.4620667	,-0.7328234	,-1.0035801	,-1.2674150	,-1.3400745	,-1.4265594	,-1.3820934	,-1.3739357	,-1.2525520	,-1.2643852	,-1.2762184	,-0.9664803	,-0.6791763	,-0.7315140	,-0.9682655	,-1.1266975	,-1.1493607	,-1.1558914	,-1.1624222	,-1.1300936	,-1.4325829	,-2.0914288	,-3.0220947	,-2.3622742	,-2.2545586	,-3.0986176	,
90.8528061	,75.6716309	,220.3322449	,0.0000000	,264.3738403	,85.7242279	,37.3755875	,21.5528870	,13.6592407	,10.2156219	,7.6750336	,5.8076820	,4.3577499	,2.6894684	,0.8594093	,1.1842499	,1.0582886	,0.9323273	,0.8869362	,0.9638290	,1.0155983	,0.8980103	,0.8286247	,0.6123772	,0.3662930	,0.1202087	,-0.1210251	,-0.1946383	,-0.2845955	,-0.2596359	,-0.2681427	,-0.1695900	,-0.1738586	,-0.1781273	,0.0409050	,0.2461319	,0.2292404	,0.0265732	,-0.1147995	,-0.1289711	,-0.1393890	,-0.1498070	,-0.1295404	,-0.3945694	,-0.9777279	,-1.7957579	,-1.2196617	,-1.1217728	,-1.8692093	,
104.8448029	,43.7068710	,95.2471008	,305.4983215	,0.0000000	,290.8555298	,100.8898468	,49.1969223	,27.3615570	,18.7038212	,13.4343529	,10.0388260	,7.6678429	,5.0505981	,2.4958344	,2.7124519	,2.4481888	,2.1839256	,2.0796356	,2.1054420	,2.1102142	,1.9313850	,1.8362961	,1.5714645	,1.2723045	,0.9731445	,0.6798630	,0.5855227	,0.4657211	,0.4810505	,0.4550457	,0.5504475	,0.5385838	,0.5267200	,0.7630520	,0.9877033	,0.9870853	,0.7563763	,0.5922832	,0.5776653	,0.5656071	,0.5535488	,0.5766659	,0.2659588	,-0.4151440	,-1.3783219	,-0.7004642	,-0.5882244	,-1.4638710	,
116.7569275	,26.6969185	,45.4575996	,112.0695419	,325.6282959	,0.0000000	,310.7174072	,121.6342316	,57.0865555	,34.3852768	,22.7789574	,16.2673111	,12.3121910	,8.2617035	,4.8050308	,4.7495193	,4.2510605	,3.7526016	,3.5578613	,3.4862137	,3.4048653	,3.1486969	,3.0271759	,2.7189484	,2.3740053	,2.0290623	,1.6951981	,1.5799828	,1.4297504	,1.4250412	,1.3800411	,1.4625645	,1.4389400	,1.4153156	,1.7146549	,2.0047131	,1.9588718	,1.7057552	,1.5212688	,1.4991436	,1.4792271	,1.4593105	,1.4801931	,1.1430988	,0.4044361	,-0.6312109	,0.0902424	,0.2191334	,-0.7309990	,
116.9016800	,18.0344620	,25.3041954	,50.1713333	,113.8762817	,311.9054565	,0.0000000	,358.3730774	,134.0546875	,68.7229004	,40.3719254	,26.4050789	,19.1310310	,12.3695297	,7.4480438	,6.8457718	,5.9543152	,4.7070160	,4.3740387	,4.1492043	,3.9330273	,3.5830994	,3.4344559	,3.0907707	,2.7107458	,2.2804317	,1.9105387	,1.7739067	,1.5886116	,1.5565472	,1.4808502	,1.5428009	,1.5118141	,1.4808273	,1.7499313	,2.0124474	,1.9943237	,1.7450600	,1.5568008	,1.5371933	,1.5175018	,1.4978104	,1.5159302	,1.1702766	,0.4078217	,-0.6767293	,0.0668678	,0.2078476	,-0.7796478	,
116.4155121	,14.0116787	,17.5572395	,29.4731140	,55.6640930	,121.4672775	,356.1011963	,0.0000000	,340.9447937	,144.3989258	,74.7374115	,44.1016922	,30.1501122	,18.3766785	,11.0361137	,9.4330139	,7.9015465	,6.1729622	,5.6200333	,5.1279297	,4.5782166	,4.1415024	,4.0456924	,3.6800117	,3.2647104	,2.8012962	,2.3925743	,2.2266045	,1.9940739	,1.9150944	,1.7928505	,1.8203506	,1.7761040	,1.7318573	,1.9951096	,2.2503281	,2.2109642	,1.9568253	,1.7685471	,1.7446976	,1.7188530	,1.6930084	,1.7066269	,1.3599625	,0.6106110	,-0.4801040	,0.2410583	,0.3955383	,-0.5930252	,
115.9807053	,12.0157948	,13.5518436	,20.1447392	,32.4160004	,58.5993767	,136.0061646	,348.7402954	,0.0000000	,375.8285522	,159.5254517	,82.0718842	,52.0943413	,29.4612885	,17.3757439	,13.8793106	,11.2297859	,8.6794968	,7.7929726	,6.9815140	,6.3053970	,5.6230507	,5.3720932	,4.9273987	,4.4522610	,3.9444695	,3.4859324	,3.2840986	,2.9967289	,2.8730316	,2.7003555	,2.6861115	,2.6215401	,2.5569687	,2.8559608	,3.1536598	,3.0628128	,2.7962799	,2.5994072	,2.5729599	,2.5414391	,2.5099182	,2.5127573	,2.1523285	,1.3667698	,0.2061303	,0.9735298	,1.1302528	,0.0880508	,
120.2312851	,10.4949780	,11.2035275	,15.5664978	,22.7161674	,35.8441277	,70.6219940	,149.5489807	,388.3118286	,0.0000000	,408.3275757	,163.3766632	,92.9858093	,47.6183319	,26.6159706	,19.6320114	,15.0898094	,11.2587357	,9.8431206	,8.5112534	,7.4538727	,6.4919014	,6.1540108	,5.6163750	,5.0570211	,4.4763088	,3.9411497	,3.6902142	,3.3274288	,3.1439705	,2.9120674	,2.8549538	,2.7777977	,2.7006416	,3.0308571	,3.3368340	,3.1898994	,2.8928871	,2.6771164	,2.6429634	,2.6008072	,2.5586510	,2.5549231	,2.1667137	,1.3235455	,0.0599014	,0.8858604	,1.0520515	,-0.0664387	,
105.1079102	,7.9185658	,8.5297337	,10.8831673	,14.8606949	,20.9340706	,36.5440979	,67.7373657	,146.1263123	,357.4799500	,0.0000000	,350.4085693	,162.6517792	,71.6817474	,37.1108704	,24.8477707	,17.9995537	,12.9050903	,10.9712219	,9.1596489	,7.8075676	,6.6689606	,6.2815742	,5.7329979	,5.1763525	,4.6202679	,4.1000834	,3.8395987	,3.4584999	,3.2463665	,2.9972420	,2.9037132	,2.8181076	,2.7325020	,2.9157448	,3.0893936	,3.0684853	,2.8320580	,2.6493835	,2.6172714	,2.5681915	,2.5191116	,2.5417747	,2.2004776	,1.4548187	,0.3352981	,1.0656242	,1.2030640	,0.2179356	,
110.0791321	,7.5505352	,7.9099808	,9.6575928	,12.5261059	,16.3203239	,25.6590767	,42.5561447	,79.1930542	,150.5805664	,369.1548157	,0.0000000	,387.0548401	,136.6878662	,63.8705292	,38.4877396	,26.0522652	,17.8271713	,14.6810188	,11.8023338	,9.7910309	,8.1842232	,7.6432838	,6.9656830	,6.3026991	,5.6668491	,5.0654116	,4.7468548	,4.2797375	,3.9791012	,3.6595573	,3.5148201	,3.4000359	,3.2852516	,3.5061417	,3.7151642	,3.6059647	,3.3528786	,3.1627541	,3.1250496	,3.0723000	,3.0195503	,2.9987030	,2.6470680	,1.8864193	,0.7402662	,1.4791985	,1.6189194	,0.6136608	,
122.2579651	,7.6822624	,7.8926716	,9.3323555	,11.7019444	,14.5039291	,21.4078789	,33.0849838	,56.2826996	,95.7967300	,190.4000244	,430.7275391	,0.0000000	,307.6665039	,119.9075928	,63.2386932	,39.3926811	,25.3499489	,20.0947571	,15.4983521	,12.5000496	,10.2166443	,9.4614944	,8.5911942	,7.7646093	,7.0044403	,6.2870083	,5.8946028	,5.3254662	,4.9510708	,4.5432625	,4.3352127	,4.2004280	,4.0656433	,4.2487488	,4.4093819	,4.3106537	,4.0376701	,3.8283920	,3.7842178	,3.7228546	,3.6614914	,3.6311502	,3.2515297	,2.4353333	,1.2140644	,1.9984055	,2.1405869	,1.0708237	,
87.3358612	,4.7463951	,4.7503128	,5.4036236	,6.5202141	,7.6703110	,10.5876999	,15.1524963	,23.3273315	,35.8605309	,60.8368530	,109.2017517	,220.4375458	,0.0000000	,192.7936249	,79.9387360	,43.3640709	,24.9927216	,18.5681229	,13.4048462	,10.3955421	,8.1938591	,7.4699554	,6.7120285	,6.0278645	,5.4222927	,4.8680010	,4.5589199	,4.1212711	,3.8284969	,3.5210648	,3.3574142	,3.2501183	,3.1428223	,3.3131943	,3.4833908	,3.3512459	,3.1504364	,2.9980583	,2.9639664	,2.9204102	,2.8768539	,2.8549442	,2.5889702	,2.0156918	,1.1745840	,1.7139740	,1.8182793	,1.0663681	,
116.5334396	,5.7543373	,5.6948986	,6.2506390	,7.2460003	,8.1589088	,10.5897560	,14.1955490	,20.1723862	,28.7844009	,43.9727592	,69.6283875	,115.7535248	,257.9640503	,0.0000000	,233.6392212	,99.4591217	,49.0562592	,33.2987480	,22.0181732	,16.2219696	,12.2184334	,10.9284821	,9.7193375	,8.6881666	,7.8232880	,7.0553570	,6.6105309	,5.9935169	,5.5655117	,5.1424942	,4.9038925	,4.7751350	,4.6463776	,4.7584724	,4.8424759	,4.7402153	,4.4881783	,4.2947845	,4.2447052	,4.1773796	,4.1100540	,4.0802288	,3.7653580	,3.1008778	,2.1625981	,2.7589760	,2.8807297	,2.0173244	,
119.1218033	,5.6921997	,5.5010490	,5.9098568	,6.7463665	,7.3869362	,9.3251762	,12.0315170	,16.1168518	,21.6964645	,30.2757912	,43.0595169	,62.6846275	,109.6271286	,238.9570313	,0.0000000	,315.2640686	,116.3166199	,67.8062744	,38.7267914	,26.0222092	,17.8554039	,15.3347588	,13.2296066	,11.5550604	,10.2413464	,9.1072769	,8.4312429	,7.5080261	,6.8443546	,6.2022057	,5.8123856	,5.6120682	,5.4117508	,5.5106621	,5.5676117	,5.4322052	,5.1421890	,4.9186516	,4.8553810	,4.7737160	,4.6920509	,4.6533070	,4.2804909	,3.4905853	,2.3225541	,3.0571671	,3.1901512	,2.1589413	,
135.7382507	,6.1476727	,5.8454876	,6.1625957	,6.9449654	,7.4316368	,9.1819801	,11.5263901	,14.8101616	,19.2036324	,25.1940422	,33.3309517	,44.4619179	,67.5339584	,114.9294968	,360.1942444	,0.0000000	,310.3695679	,144.7126465	,70.2658386	,43.2609596	,27.1049309	,22.3489151	,18.6682968	,15.9766092	,13.9189491	,12.2276545	,11.2079811	,9.8387852	,8.8336449	,7.8875694	,7.2879295	,6.9949074	,7.0956955	,7.1973305	,7.2476120	,6.9712067	,6.6038246	,6.3294487	,6.2397156	,6.1223907	,6.0587196	,5.9811172	,5.5345764	,4.5863876	,3.1628013	,4.0439072	,4.1925125	,2.9613972	,
107.9262466	,4.7114391	,4.4389057	,4.6031790	,5.1016960	,5.3499660	,6.4451027	,7.8645782	,9.6944580	,12.1711464	,15.1481743	,18.8170319	,23.3029709	,31.3906784	,44.8723679	,105.8615036	,249.1870117	,0.0000000	,316.3103638	,105.1301956	,56.3695984	,31.0982666	,24.2061882	,19.3831329	,16.1411171	,13.7820129	,11.9509096	,10.8304310	,9.3666573	,8.2702236	,7.2686195	,6.6020622	,6.2943878	,6.2623329	,6.3330612	,6.3524971	,5.9630280	,5.6336937	,5.3980103	,5.3036957	,5.1823997	,5.1099625	,5.0116634	,4.6635971	,3.9174976	,2.7794244	,3.4688530	,3.5791206	,2.6068058	,
102.3882599	,3.8540516	,3.5608120	,3.6706886	,4.0931263	,4.2593727	,5.1756516	,6.3371658	,7.7521057	,9.7111664	,11.8206367	,14.2896156	,17.0081978	,21.5446777	,27.8937073	,57.5999680	,108.9551697	,299.6792603	,0.0000000	,193.3177490	,85.3925629	,40.9801559	,29.9512138	,22.8555069	,18.3049889	,15.2235527	,12.9254742	,11.5218916	,9.7312794	,8.3860855	,7.1903610	,6.3753319	,6.0109482	,5.9005127	,5.9066544	,5.8410072	,5.3946342	,5.0506821	,4.8078232	,4.6942368	,4.5616455	,4.4829140	,4.3721342	,4.0199738	,3.2834663	,2.1457672	,2.8251648	,2.9242020	,1.9691124	,
88.2463989	,3.5824966	,3.2870331	,3.3275318	,3.6362267	,3.7055969	,4.3789825	,5.2087250	,6.1402664	,7.4792938	,8.7551231	,10.0965691	,11.4335022	,13.4458351	,15.5735321	,28.2093506	,45.5727386	,85.7484055	,167.0627594	,0.0000000	,204.6638336	,65.8344040	,42.7874985	,30.3002777	,22.9176884	,18.4286289	,15.3887434	,13.4242477	,11.1591110	,9.4755135	,8.0352859	,7.0490456	,6.6282654	,6.4446220	,6.2965622	,6.0545959	,5.6076050	,5.2560196	,5.0303497	,4.9046135	,4.7552376	,4.6388741	,4.5256615	,4.1961555	,3.5244637	,2.4532080	,3.0743942	,3.1596298	,2.2806835	,
101.6677551	,4.1059399	,3.7169619	,3.7005692	,3.9946289	,4.0026665	,4.6703835	,5.4709625	,6.2925110	,7.5485344	,8.6042252	,9.5890160	,10.5050240	,11.8073082	,12.6874619	,21.5200958	,32.1296234	,52.6388321	,85.2032242	,237.4102020	,0.0000000	,143.4306946	,76.1985092	,48.8286896	,34.6049652	,26.6087074	,21.4393730	,18.5333366	,15.1387596	,12.6864452	,10.6639366	,9.2950211	,8.7212791	,8.4595985	,8.2157402	,7.8227272	,7.2347527	,6.7768822	,6.4643440	,6.2897301	,6.0968094	,5.9591675	,5.8064899	,5.4006157	,4.5633774	,3.2124667	,3.9984283	,4.1102295	,3.0044136	,
120.6279297	,4.8678112	,4.3854246	,4.3240194	,4.6225758	,4.5758038	,5.2681580	,6.0793228	,6.8477745	,8.0676689	,8.9843216	,9.6977997	,10.2845001	,11.0366745	,10.9515610	,17.2842522	,23.7070160	,33.9938049	,48.3595352	,89.8168411	,171.1020813	,0.0000000	,325.1933594	,136.2151947	,80.0806427	,55.2199020	,41.6324234	,34.3187103	,26.7243824	,21.4795780	,17.4346848	,14.7016258	,13.6056061	,12.8260155	,12.2097931	,11.2777634	,9.9831123	,9.2176628	,8.7413902	,8.4244766	,8.0785141	,7.7942123	,7.5099154	,6.9860764	,5.9502773	,4.2318549	,5.1676941	,5.2701683	,3.9315681	,
122.8317719	,4.9531898	,4.4544935	,4.3826256	,4.6803970	,4.6034145	,5.2799797	,6.0656357	,6.7880821	,7.9597511	,8.7743073	,9.3589973	,9.7917900	,10.2968674	,9.8569489	,15.0876083	,19.9158363	,26.8466263	,36.1219482	,59.5450439	,92.6887665	,333.1087036	,0.0000000	,316.4478760	,141.9184723	,87.8610916	,62.3773956	,49.5300293	,37.1342583	,28.9303398	,22.8913078	,18.8604584	,17.2699585	,15.9380722	,14.9312363	,13.4243469	,11.4406242	,10.4232330	,9.8293114	,9.3868370	,8.9141273	,8.5307388	,8.1217585	,7.5420151	,6.4504776	,4.5953689	,5.5485420	,5.6139526	,4.2343273	,
106.6923752	,4.5505047	,4.1251793	,4.0605402	,4.3011761	,4.2256603	,4.7778358	,5.4188805	,5.9824524	,6.6086235	,7.2347946	,7.6457901	,7.9157944	,8.1876984	,7.6223145	,11.3850098	,14.5841942	,18.7421799	,24.1775360	,36.7370796	,51.7414513	,120.6672897	,275.9200745	,0.0000000	,284.7284546	,132.9860535	,84.8732147	,63.5480423	,45.1859055	,33.8466034	,26.0153351	,20.9279289	,18.9771500	,17.2040482	,15.8472366	,13.8435669	,11.3302689	,10.1536598	,9.5073471	,8.9806290	,8.4385567	,7.9068260	,7.4908581	,6.9512672	,5.9837894	,4.2956028	,5.0977974	,5.1132278	,3.9193268	,
87.0742340	,3.6230602	,3.2858620	,3.2336321	,3.4195042	,3.3472919	,3.7715034	,4.2625771	,4.6747589	,5.1298141	,5.5848694	,5.8576775	,6.0141373	,6.1424332	,5.5923691	,8.2110252	,10.2893753	,12.7548332	,15.9489136	,22.8108635	,30.0832329	,58.1556625	,101.2005157	,232.8894043	,0.0000000	,236.5240936	,118.2281494	,81.0225220	,53.5192337	,38.0363808	,28.1507111	,22.0055161	,19.7225113	,17.5639305	,15.9477577	,13.5614510	,10.6542892	,9.3516273	,8.6728401	,8.0912132	,7.4910049	,6.9232750	,6.5023594	,6.0320435	,5.2237091	,3.7797241	,4.4079666	,4.3869400	,3.4176750	,
70.1032791	,2.8201008	,2.5605240	,2.5216484	,2.6627617	,2.6015911	,2.9236526	,3.2952881	,3.6065254	,3.9404602	,4.2743950	,4.4607353	,4.5510712	,4.6016045	,4.1266251	,5.9836388	,7.3811264	,8.9167519	,10.9123459	,14.9498100	,18.8844681	,32.5579834	,50.7087708	,87.7277451	,191.1497803	,0.0000000	,198.3506470	,107.9014130	,63.8236847	,42.2535248	,29.6633568	,22.2329826	,19.5931244	,17.0123863	,15.1459503	,12.6078835	,9.6703987	,8.3946152	,7.7442017	,7.1656723	,6.5826263	,6.0714645	,5.5630789	,5.1415596	,4.4806328	,3.2680333	,3.7496948	,3.6991997	,2.9275589	,
52.4734917	,1.9477253	,1.7615080	,1.7298412	,1.8250618	,1.7799759	,2.0027695	,2.2614517	,2.4772186	,2.7015533	,2.9258881	,3.0406151	,3.0902061	,3.1042099	,2.7395172	,3.9691238	,4.8563156	,5.7626610	,6.9698524	,9.2967110	,11.4596062	,18.4369507	,27.0378265	,41.9473953	,71.4936523	,148.8721619	,0.0000000	,159.6295166	,72.0749969	,43.2357788	,28.3001785	,20.0559769	,17.3460236	,14.6521530	,12.7724686	,10.3685150	,7.8127861	,6.6753502	,6.0963402	,5.5756798	,5.0784225	,4.6453247	,4.2075367	,3.8762360	,3.3782825	,2.4539533	,2.7915268	,2.7380409	,2.1716061	,
90.7345276	,3.7192001	,3.4007177	,3.3430204	,3.5008125	,3.4126091	,3.7839813	,4.2100601	,4.5326996	,4.8859730	,5.2392464	,5.3995361	,5.4528580	,5.4510765	,4.7929649	,6.7528610	,8.1196899	,9.4541092	,11.2128525	,14.6160774	,17.5420837	,26.7549133	,37.5505066	,54.7567902	,85.0368423	,140.1707153	,276.9490662	,0.0000000	,197.9750824	,103.7044067	,62.7429161	,41.9344788	,35.3871536	,28.9769135	,24.7999306	,19.8730507	,14.9862099	,12.7879753	,11.6729202	,10.6635208	,9.6820145	,8.8407860	,7.9973354	,7.3895874	,6.4961586	,4.8403587	,5.4197121	,5.3082695	,4.3182583	,
99.7582169	,3.9103928	,3.7673607	,3.7798014	,3.9129410	,3.8806000	,4.1614952	,4.4847527	,4.7195930	,5.0361786	,5.3527641	,5.5543442	,5.6564941	,5.6819916	,5.2943420	,6.7941055	,7.8919983	,9.0649185	,10.5083160	,13.1996117	,15.2919197	,22.4815674	,30.6381378	,42.5486145	,61.5562325	,90.9841537	,137.2457275	,218.0422211	,0.0000000	,229.5309601	,110.3664932	,63.5201340	,50.5858459	,38.5015640	,31.4406433	,24.1950607	,17.3849068	,14.5009460	,13.1045303	,11.6894341	,10.4217911	,9.2939491	,8.2178431	,7.5865173	,6.8520184	,5.4700818	,5.7329369	,5.5016365	,4.8342628	,
115.2136307	,4.6937046	,4.3965158	,4.3419771	,4.4930592	,4.3905811	,4.7461700	,5.1459732	,5.4131966	,5.7253838	,6.0375710	,6.1487045	,6.1646500	,6.1204834	,5.4062271	,7.1765785	,8.3381195	,9.3567429	,10.7258301	,13.3203087	,15.3021698	,21.3764496	,28.0089645	,37.1863708	,50.7510147	,69.6583099	,95.2090912	,131.5803223	,265.9555054	,0.0000000	,263.7311096	,115.4605560	,84.0729828	,57.9467735	,44.6285858	,33.4000473	,23.6253433	,19.4525604	,17.3536530	,15.4877701	,13.7806206	,12.3115845	,10.9034338	,10.0303345	,8.9146042	,6.9072552	,7.4327888	,7.1946793	,6.1099968	,
99.6940002	,3.9905834	,3.7331066	,3.6741133	,3.7851715	,3.6883297	,3.9661636	,4.2753792	,4.4484253	,4.6680641	,4.8877029	,4.9325142	,4.9103355	,4.8511429	,4.2278900	,5.5811920	,6.4277573	,7.0859375	,8.0276260	,9.8082199	,11.1468582	,15.0527573	,19.2367172	,24.7694016	,32.5055542	,42.2677383	,53.9019852	,68.7358551	,110.6040649	,228.3419495	,0.0000000	,201.4873962	,122.1698456	,70.2059479	,48.3044701	,33.5791702	,22.8582954	,18.3694420	,16.1092415	,14.1788292	,12.4899368	,11.0752335	,9.7208166	,8.8892670	,7.8764591	,6.0949330	,6.5412788	,6.3235435	,5.3649578	,
122.0025711	,4.9300632	,4.6122160	,4.5263424	,4.6511078	,4.5103359	,4.8255119	,5.1681824	,5.3452759	,5.5630226	,5.7807693	,5.7808075	,5.7224998	,5.6382332	,4.8662910	,6.3513756	,7.2357025	,7.8281975	,8.7573624	,10.5236435	,11.8537674	,15.5116119	,19.3822098	,24.3323975	,30.9930439	,38.6069107	,46.6573372	,55.9686394	,77.8686523	,121.9799881	,246.3424377	,0.0000000	,360.6553955	,148.6623535	,84.3615265	,51.4682159	,32.9104996	,25.3162498	,21.6161880	,18.6785507	,16.2622833	,14.2761536	,12.3939657	,11.2666016	,9.9333496	,7.6923227	,8.2324944	,7.9681091	,6.7583351	,
126.4400482	,5.0901260	,4.7581425	,4.6618938	,4.7832661	,4.6339931	,4.9519958	,5.2935715	,5.4575462	,5.6636600	,5.8697739	,5.8471146	,5.7729301	,5.6811409	,4.8747864	,6.3516159	,7.2117348	,7.7429657	,8.6207390	,10.2952652	,11.5638733	,14.9210968	,18.4529190	,22.9138870	,28.8226242	,35.2003593	,41.7575455	,48.8237152	,64.2745361	,91.7230225	,154.1790161	,371.8993835	,0.0000000	,259.2936096	,122.7367935	,66.2043686	,39.8713455	,29.4602852	,24.4445038	,20.7460518	,17.7569504	,15.4222298	,13.3300133	,12.0578079	,10.6048641	,8.1899319	,8.7188301	,8.4127769	,7.1297760	,
115.2299652	,4.5930157	,4.2655754	,4.1609888	,4.2633896	,4.1128693	,4.3968887	,4.6992836	,4.8254051	,4.9872799	,5.1491547	,5.0906792	,4.9967155	,4.9002991	,4.1228485	,5.4323845	,6.1656418	,6.5467758	,7.2574844	,8.6269341	,9.6820526	,12.2959747	,15.0318985	,18.4291077	,22.8726864	,27.4317245	,31.6133213	,35.9973183	,44.3919716	,57.3238754	,80.4364624	,139.5270691	,233.7980042	,0.0000000	,237.7165222	,95.4305878	,50.3126450	,33.6004181	,26.2367973	,21.4649277	,17.9000626	,15.2694435	,12.9241657	,11.5281372	,9.9976215	,7.6023493	,8.1218071	,7.8173599	,6.5693569	,
114.5165176	,4.7266731	,4.2547665	,4.0809593	,4.1944637	,3.9780235	,4.3255920	,4.6911278	,4.8500481	,5.0034695	,5.1568909	,5.0159111	,4.8450546	,4.6956863	,3.6361237	,5.1886177	,5.9856071	,6.2519150	,6.9528313	,8.3600731	,9.6143150	,11.8487625	,14.0982437	,16.9187393	,20.6104507	,24.2134399	,27.3511124	,30.5771694	,36.2239799	,43.9332275	,55.1371841	,78.8124084	,110.3086472	,235.8076782	,0.0000000	,174.5549316	,78.0554123	,46.3935776	,33.7230225	,26.2358437	,21.3638840	,17.8508415	,14.9365816	,13.1344833	,11.1346169	,8.1579838	,8.9526443	,8.6277504	,6.9821510	,
105.9976959	,4.3060684	,3.8159246	,3.6296558	,3.7369308	,3.5251160	,3.8544655	,4.1977386	,4.3315887	,4.4569359	,4.5822830	,4.4147415	,4.2301979	,4.0868492	,3.0384293	,4.4871979	,5.2026901	,5.3520279	,5.9250641	,7.0945625	,8.1385536	,9.7646484	,11.3579330	,13.2883377	,15.7952023	,18.1742287	,20.1767387	,22.2568398	,25.6776276	,29.9982300	,35.1985092	,44.3697891	,54.8822021	,88.1741333	,161.9906464	,0.0000000	,164.2228394	,73.9221725	,45.9306641	,32.2889977	,24.6903000	,19.6705399	,15.7907324	,13.4812241	,11.1686745	,7.9997482	,8.6702499	,8.3354759	,6.6675568	,
114.5242615	,4.5985985	,4.0572577	,3.8398180	,3.9514275	,3.7260208	,4.0778923	,4.4412422	,4.5774536	,4.6966743	,4.8158951	,4.6157494	,4.4028130	,4.2403946	,3.0996170	,4.6085472	,5.3259201	,5.3963814	,5.9198112	,7.0046349	,8.0037003	,9.2226105	,10.3324738	,11.6218262	,13.2617817	,14.8253269	,16.1201515	,17.5468922	,19.8075256	,22.6259270	,25.6066017	,30.2908020	,35.2270813	,48.7112503	,77.0791473	,178.2396545	,0.0000000	,210.5902100	,100.3467255	,59.9803963	,41.5645981	,30.3778954	,22.5581379	,18.2144928	,14.5011425	,10.1232529	,10.6326218	,10.0029678	,8.0044003	,
108.6226578	,4.2579594	,3.7496357	,3.5467577	,3.6495590	,3.4429760	,3.7697105	,4.1061401	,4.2273750	,4.3309479	,4.4345207	,4.2525253	,4.0559235	,3.9032936	,2.8427925	,4.2255554	,4.8733406	,4.9157410	,5.3737564	,6.3267593	,7.2032738	,8.1673584	,9.0082054	,9.9502716	,11.1153278	,12.2292233	,13.1374769	,14.1641369	,15.7368317	,17.6502304	,19.4637718	,22.0437012	,24.6524200	,31.1377640	,43.0163689	,75.7025681	,196.7192078	,0.0000000	,242.2998962	,116.1576080	,71.5032578	,47.0534744	,31.6725655	,23.6750259	,17.7541389	,11.9366341	,11.9717445	,10.8935928	,8.7472973	,
108.2650146	,4.2122765	,3.7227182	,3.5246658	,3.6263657	,3.4289818	,3.7443390	,4.0704079	,4.1831627	,4.2901688	,4.3971748	,4.2137985	,4.0226059	,3.8740692	,2.8468246	,4.1817131	,4.8029442	,4.8328171	,5.2656479	,6.1654587	,6.9883766	,7.8561707	,8.5944901	,9.3984070	,10.3798199	,11.3071175	,12.0548010	,12.9125996	,14.1930103	,15.7228088	,17.0480080	,18.8239136	,20.5625992	,24.7312393	,31.7314148	,47.6801605	,94.9420853	,243.2707672	,0.0000000	,259.1384888	,135.7371521	,79.9115677	,48.7157707	,33.4006424	,23.2702599	,14.9882593	,14.3306580	,12.6238518	,10.1097832	,
105.1832352	,3.9935246	,3.5523510	,3.3751450	,3.4696503	,3.2916412	,3.5764465	,3.8690071	,3.9585800	,4.0567951	,4.1550102	,3.9904633	,3.8178711	,3.6856689	,2.7638702	,3.9619331	,4.5226898	,4.5488396	,4.9358292	,5.7428017	,6.5077133	,7.2318840	,7.8215332	,8.4685974	,9.2516975	,9.9868622	,10.5680532	,11.2528496	,12.2457714	,13.4177818	,14.3509750	,15.5599060	,16.7032318	,19.4438972	,23.8248749	,32.0818176	,54.2132111	,112.3554077	,250.8377838	,0.0000000	,303.7995605	,143.3950806	,77.0225983	,47.3715363	,29.9488220	,18.2357426	,16.5246735	,14.0082932	,11.1631927	,
92.4472809	,3.5180931	,3.0848436	,2.9078484	,2.9964943	,2.8196907	,3.0888996	,3.3660984	,3.4496822	,3.5326862	,3.6156902	,3.4465065	,3.2725639	,3.1409760	,2.2465553	,3.3713264	,3.8808136	,3.8655167	,4.1996002	,4.9057846	,5.5659904	,6.1398773	,6.5917854	,7.0434036	,7.5812092	,8.0661182	,8.4473343	,8.9432278	,9.6556816	,10.5145378	,11.1555290	,11.9734955	,12.7246475	,14.6376038	,17.9522629	,22.1840744	,34.3227386	,61.4630890	,115.9840927	,268.1578979	,0.0000000	,266.1770020	,117.5200348	,63.7428894	,35.9750061	,20.3934765	,17.8488808	,14.4934807	,11.3764992	,
69.1669235	,2.5210381	,2.1926937	,2.0575113	,2.1187992	,1.9883842	,2.1888390	,2.3938599	,2.4585915	,2.5177460	,2.5769005	,2.4456825	,2.3114014	,2.2024040	,1.5377007	,2.3726654	,2.7462997	,2.7206650	,2.9598465	,3.4641304	,3.9454689	,4.3178368	,4.5925636	,4.8513336	,5.1552811	,5.4186115	,5.6231918	,5.9225254	,6.3483353	,6.8721333	,7.2344818	,7.6919327	,8.0915375	,9.1676254	,10.6625328	,12.8457260	,17.9658051	,30.0103912	,50.8814621	,94.7426224	,199.2879028	,0.0000000	,189.6636353	,79.8566360	,37.9264488	,19.7828712	,16.2074585	,12.7548714	,9.6699886	,
71.9228745	,2.6259117	,2.2837467	,2.1417398	,2.2116566	,2.0676823	,2.2725868	,2.4812927	,2.5417023	,2.5979118	,2.6541214	,2.5114326	,2.3707352	,2.2704353	,1.5720406	,2.4229507	,2.7984619	,2.7564087	,2.9856377	,3.4850349	,3.9684143	,4.2927170	,4.5163536	,4.7077637	,4.9290190	,5.1053181	,5.2441645	,5.4868765	,5.8337135	,6.2765141	,6.5642853	,6.9259415	,7.2185745	,8.0493927	,9.1653023	,10.6301651	,13.7883453	,20.9060745	,32.1622009	,52.9355011	,91.2452393	,197.3130798	,0.0000000	,246.5986176	,68.8175354	,30.2405643	,22.5077400	,16.6499672	,12.2347641	,
32.9822502	,0.9551182	,0.8016167	,0.7362881	,0.7667313	,0.7027187	,0.7949123	,0.8886471	,0.9305439	,0.9544010	,0.9782581	,0.9152832	,0.8508835	,0.8059921	,0.4928703	,0.8746033	,1.0424309	,1.0239944	,1.1244965	,1.3481331	,1.5680656	,1.7042122	,1.7925186	,1.8666229	,1.9513531	,2.0170097	,2.0663605	,2.1647224	,2.3024845	,2.4810982	,2.6032104	,2.7285080	,2.8337250	,3.1444092	,3.5392838	,4.0627213	,5.0232773	,7.0429459	,9.9889297	,14.8285027	,22.6295700	,38.0252686	,113.5027618	,0.0000000	,76.2313995	,24.1029110	,15.3978806	,10.7168694	,7.4160099	,
57.2981720	,1.9692326	,1.7324247	,1.6332254	,1.6814137	,1.5839977	,1.7287998	,1.8772564	,1.9166050	,1.9566727	,1.9967403	,1.8978653	,1.8011436	,1.7308083	,1.2429543	,1.8431854	,2.1088295	,2.0803490	,2.2424126	,2.5949135	,2.9402962	,3.1580391	,3.3014679	,3.4207001	,3.5569515	,3.6602325	,3.7368698	,3.8876686	,4.0962811	,4.3636589	,4.5175171	,4.7066193	,4.8442688	,5.2686386	,5.7869987	,6.4531479	,7.5794983	,9.7747879	,12.6698189	,16.8798141	,22.7050476	,31.9486923	,55.5741463	,133.7678833	,0.0000000	,115.2898483	,51.0084648	,32.3330727	,21.7875710	,
70.9497910	,2.4991627	,2.2567530	,2.1538906	,2.2020149	,2.1026707	,2.2561150	,2.4084206	,2.4276543	,2.4694023	,2.5111504	,2.4031296	,2.3018875	,2.2374420	,1.7313805	,2.3559990	,2.6325874	,2.6311016	,2.7935658	,3.1544132	,3.5207005	,3.7230701	,3.8434429	,3.9363041	,4.0435219	,4.0797157	,4.1159096	,4.2754860	,4.4728394	,4.7349300	,4.8832741	,5.0757217	,5.1951981	,5.6032715	,6.0688553	,6.6409454	,7.4993744	,9.0622864	,10.9972687	,13.6382904	,16.9618683	,21.7177124	,31.3559017	,53.5247269	,143.7810059	,0.0000000	,126.9907761	,61.4519958	,39.4976006	,
68.3372803	,2.4121971	,2.1429949	,2.0289412	,2.0779190	,1.9707184	,2.1341553	,2.2981644	,2.3295555	,2.3714905	,2.4134254	,2.2947845	,2.1819878	,2.1060944	,1.5526161	,2.2258682	,2.5208282	,2.4758186	,2.6476669	,3.0295792	,3.4197235	,3.6189117	,3.7282524	,3.8024673	,3.8888321	,3.9340572	,3.9713097	,4.1019011	,4.2885132	,4.5464497	,4.6957664	,4.8890381	,5.0090561	,5.4576645	,6.0081711	,6.5060883	,7.0293808	,8.3112717	,9.7547798	,11.6350403	,13.8671570	,16.8806534	,22.2128334	,33.0729370	,61.1474495	,122.5223999	,0.0000000	,183.9711151	,54.0253525	,
57.8895721	,1.9801464	,1.7462273	,1.6471548	,1.6868134	,1.5951767	,1.7341042	,1.8745117	,1.9081764	,1.9409447	,1.9737129	,1.8682747	,1.7709694	,1.7054672	,1.2286263	,1.8042946	,2.0546608	,2.0105667	,2.1535072	,2.4749146	,2.8083649	,2.9634399	,3.0376511	,3.0795593	,3.1290932	,3.1430550	,3.1559763	,3.2554121	,3.3980751	,3.6063213	,3.7247543	,3.8813095	,3.9626465	,4.3140717	,4.9177399	,5.2875595	,6.1453247	,6.4574280	,7.2617798	,8.3869896	,9.6027985	,11.2377090	,14.2288494	,19.6630478	,33.0879250	,50.0340347	,154.1468201	,0.0000000	,86.0346069	,
74.2200851	,2.6197586	,2.3587637	,2.2496595	,2.2954330	,2.1934242	,2.3537045	,2.5132656	,2.5313663	,2.5710983	,2.6108303	,2.4924393	,2.3842850	,2.3145943	,1.7761955	,2.4317169	,2.7187195	,2.6711960	,2.8346825	,3.2020035	,3.5758247	,3.7606926	,3.8578453	,3.9131470	,3.9792509	,4.0026169	,4.0226288	,4.1397371	,4.3067913	,4.5448246	,4.6769676	,4.8550797	,4.9468155	,5.3387566	,5.7727585	,6.1460724	,6.5650101	,7.4230461	,8.3127975	,9.4048920	,10.5642624	,12.0037766	,14.2806196	,18.7534485	,29.4514732	,42.2555084	,59.3100739	,111.7331238	,0.0000000	,
