X ,Y ,Z ,AO ,Res ,A ,B ,M ,N 
   74.5000,    0.0000,   -1.1250,    2.2500,  9.544922,     3, 10000,     2,     1,
   73.0000,    0.0000,   -1.1250,    2.2500, 10.348852,     4, 10000,     3,     2,
   71.5000,    0.0000,   -1.1250,    2.2500, 13.501424,     5, 10000,     4,     3,
   73.0000,    0.0000,   -2.2500,    4.5000, 11.151856,     5, 10000,     3,     1,
   70.0000,    0.0000,   -1.1250,    2.2500, 11.430749,     6, 10000,     5,     4,
   71.5000,    0.0000,   -2.2500,    4.5000, 12.812772,     6, 10000,     4,     2,
   68.5000,    0.0000,   -1.1250,    2.2500, 14.217980,     7, 10000,     6,     5,
   70.0000,    0.0000,   -2.2500,    4.5000, 12.841923,     7, 10000,     5,     3,
   71.5000,    0.0000,   -3.3750,    6.7500, 13.660552,     7, 10000,     4,     1,
   67.0000,    0.0000,   -1.1250,    2.2500, 16.043507,     8, 10000,     7,     6,
   68.5000,    0.0000,   -2.2500,    4.5000, 14.529539,     8, 10000,     6,     4,
   70.0000,    0.0000,   -3.3750,    6.7500, 15.519161,     8, 10000,     5,     2,
   65.5000,    0.0000,   -1.1250,    2.2500, 10.054303,     9, 10000,     8,     7,
   67.0000,    0.0000,   -2.2500,    4.5000, 13.506533,     9, 10000,     7,     5,
   68.5000,    0.0000,   -3.3750,    6.7500, 15.249668,     9, 10000,     6,     3,
   70.0000,    0.0000,   -4.5000,    9.0000, 15.877051,     9, 10000,     5,     1,
   64.0000,    0.0000,   -1.1250,    2.2500, 12.194408,    10, 10000,     9,     8,
   65.5000,    0.0000,   -2.2500,    4.5000, 10.167233,    10, 10000,     8,     6,
   67.0000,    0.0000,   -3.3750,    6.7500, 13.932431,    10, 10000,     7,     4,
   68.5000,    0.0000,   -4.5000,    9.0000, 16.439098,    10, 10000,     6,     2,
   62.5000,    0.0000,   -1.1250,    2.2500, 15.060921,    11, 10000,    10,     9,
   64.0000,    0.0000,   -2.2500,    4.5000, 12.187793,    11, 10000,     9,     7,
   65.5000,    0.0000,   -3.3750,    6.7500, 12.275492,    11, 10000,     8,     5,
   67.0000,    0.0000,   -4.5000,    9.0000, 15.922877,    11, 10000,     7,     3,
   68.5000,    0.0000,   -5.6250,   11.2500, 16.994528,    11, 10000,     6,     1,
   61.0000,    0.0000,   -1.1250,    2.2500,  8.230141,    12, 10000,    11,    10,
   62.5000,    0.0000,   -2.2500,    4.5000, 10.334045,    12, 10000,    10,     8,
   64.0000,    0.0000,   -3.3750,    6.7500, 10.810412,    12, 10000,     9,     6,
   65.5000,    0.0000,   -4.5000,    9.0000, 11.694623,    12, 10000,     8,     4,
   67.0000,    0.0000,   -5.6250,   11.2500, 14.845989,    12, 10000,     7,     2,
   59.5000,    0.0000,   -1.1250,    2.2500, 19.310011,    13, 10000,    12,    11,
   61.0000,    0.0000,   -2.2500,    4.5000,  9.157360,    13, 10000,    11,     9,
   62.5000,    0.0000,   -3.3750,    6.7500, 11.324085,    13, 10000,    10,     7,
   64.0000,    0.0000,   -4.5000,    9.0000, 12.699276,    13, 10000,     9,     5,
   65.5000,    0.0000,   -5.6250,   11.2500, 13.689832,    13, 10000,     8,     3,
   67.0000,    0.0000,   -6.7500,   13.5000, 15.540872,    13, 10000,     7,     1,
   58.0000,    0.0000,   -1.1250,    2.2500,  8.907499,    14, 10000,    13,    12,
   59.5000,    0.0000,   -2.2500,    4.5000,  6.718120,    14, 10000,    12,    10,
   61.0000,    0.0000,   -3.3750,    6.7500,  8.322058,    14, 10000,    11,     8,
   62.5000,    0.0000,   -4.5000,    9.0000,  9.885256,    14, 10000,    10,     6,
   64.0000,    0.0000,   -5.6250,   11.2500, 11.042542,    14, 10000,     9,     4,
   65.5000,    0.0000,   -6.7500,   13.5000, 11.764640,    14, 10000,     8,     2,
   56.5000,    0.0000,   -1.1250,    2.2500, 18.653952,    15, 10000,    14,    13,
   58.0000,    0.0000,   -2.2500,    4.5000,  8.997917,    15, 10000,    13,    11,
   59.5000,    0.0000,   -3.3750,    6.7500,  9.273275,    15, 10000,    12,     9,
   61.0000,    0.0000,   -4.5000,    9.0000, 12.127007,    15, 10000,    11,     7,
   62.5000,    0.0000,   -5.6250,   11.2500, 14.406822,    15, 10000,    10,     5,
   64.0000,    0.0000,   -6.7500,   13.5000, 15.896628,    15, 10000,     9,     3,
   65.5000,    0.0000,   -7.8750,   15.7500, 15.777248,    15, 10000,     8,     1,
   55.0000,    0.0000,   -1.1250,    2.2500, 21.430164,    16, 10000,    15,    14,
   56.5000,    0.0000,   -2.2500,    4.5000,  9.039786,    16, 10000,    14,    12,
   58.0000,    0.0000,   -3.3750,    6.7500,  8.924107,    16, 10000,    13,    10,
   59.5000,    0.0000,   -4.5000,    9.0000, 10.734344,    16, 10000,    12,     8,
   61.0000,    0.0000,   -5.6250,   11.2500, 13.147583,    16, 10000,    11,     6,
   62.5000,    0.0000,   -6.7500,   13.5000, 15.412706,    16, 10000,    10,     4,
   64.0000,    0.0000,   -7.8750,   15.7500, 16.412195,    16, 10000,     9,     2,
   53.5000,    0.0000,   -1.1250,    2.2500, 46.493683,    17, 10000,    16,    15,
   55.0000,    0.0000,   -2.2500,    4.5000, 11.666115,    17, 10000,    15,    13,
   56.5000,    0.0000,   -3.3750,    6.7500,  8.246850,    17, 10000,    14,    11,
   58.0000,    0.0000,   -4.5000,    9.0000, 10.132421,    17, 10000,    13,     9,
   59.5000,    0.0000,   -5.6250,   11.2500, 11.041453,    17, 10000,    12,     7,
   61.0000,    0.0000,   -6.7500,   13.5000, 13.453961,    17, 10000,    11,     5,
   62.5000,    0.0000,   -7.8750,   15.7500, 15.527653,    17, 10000,    10,     3,
   64.0000,    0.0000,   -9.0000,   18.0000, 15.381136,    17, 10000,     9,     1,
   52.0000,    0.0000,   -1.1250,    2.2500, 41.243923,    18, 10000,    17,    16,
   53.5000,    0.0000,   -2.2500,    4.5000, 12.505443,    18, 10000,    16,    14,
   55.0000,    0.0000,   -3.3750,    6.7500, 10.934098,    18, 10000,    15,    12,
   56.5000,    0.0000,   -4.5000,    9.0000,  9.235687,    18, 10000,    14,    10,
   58.0000,    0.0000,   -5.6250,   11.2500, 12.072297,    18, 10000,    13,     8,
   59.5000,    0.0000,   -6.7500,   13.5000, 12.519071,    18, 10000,    12,     6,
   61.0000,    0.0000,   -7.8750,   15.7500, 15.563764,    18, 10000,    11,     4,
   62.5000,    0.0000,   -9.0000,   18.0000, 17.522545,    18, 10000,    10,     2,
   50.5000,    0.0000,   -1.1250,    2.2500, 68.236961,    19, 10000,    18,    17,
   52.0000,    0.0000,   -2.2500,    4.5000, 18.446447,    19, 10000,    17,    15,
   53.5000,    0.0000,   -3.3750,    6.7500, 12.979983,    19, 10000,    16,    13,
   55.0000,    0.0000,   -4.5000,    9.0000, 12.725110,    19, 10000,    15,    11,
   56.5000,    0.0000,   -5.6250,   11.2500, 11.773950,    19, 10000,    14,     9,
   58.0000,    0.0000,   -6.7500,   13.5000, 14.057069,    19, 10000,    13,     7,
   59.5000,    0.0000,   -7.8750,   15.7500, 14.441839,    19, 10000,    12,     5,
   61.0000,    0.0000,   -9.0000,   18.0000, 17.682207,    19, 10000,    11,     3,
   62.5000,    0.0000,  -10.1250,   20.2500, 18.681803,    19, 10000,    10,     1,
   49.0000,    0.0000,   -1.1250,    2.2500, 20.520819,    20, 10000,    19,    18,
   50.5000,    0.0000,   -2.2500,    4.5000, 17.428049,    20, 10000,    18,    16,
   52.0000,    0.0000,   -3.3750,    6.7500, 10.534649,    20, 10000,    17,    14,
   53.5000,    0.0000,   -4.5000,    9.0000, 12.812755,    20, 10000,    16,    12,
   55.0000,    0.0000,   -5.6250,   11.2500, 13.256345,    20, 10000,    15,    10,
   56.5000,    0.0000,   -6.7500,   13.5000, 13.095629,    20, 10000,    14,     8,
   58.0000,    0.0000,   -7.8750,   15.7500, 14.821163,    20, 10000,    13,     6,
   59.5000,    0.0000,   -9.0000,   18.0000, 15.278546,    20, 10000,    12,     4,
   61.0000,    0.0000,  -10.1250,   20.2500, 18.618696,    20, 10000,    11,     2,
   47.5000,    0.0000,   -1.1250,    2.2500, 14.271284,    21, 10000,    20,    19,
   49.0000,    0.0000,   -2.2500,    4.5000,  8.522161,    21, 10000,    19,    17,
   50.5000,    0.0000,   -3.3750,    6.7500, 10.776267,    21, 10000,    18,    15,
   52.0000,    0.0000,   -4.5000,    9.0000,  8.612259,    21, 10000,    17,    13,
   53.5000,    0.0000,   -5.6250,   11.2500, 11.188540,    21, 10000,    16,    11,
   55.0000,    0.0000,   -6.7500,   13.5000, 12.718994,    21, 10000,    15,     9,
   56.5000,    0.0000,   -7.8750,   15.7500, 12.254290,    21, 10000,    14,     7,
   58.0000,    0.0000,   -9.0000,   18.0000, 13.851631,    21, 10000,    13,     5,
   59.5000,    0.0000,  -10.1250,   20.2500, 14.347043,    21, 10000,    12,     3,
   61.0000,    0.0000,  -11.2500,   22.5000, 16.441299,    21, 10000,    11,     1,
   46.0000,    0.0000,   -1.1250,    2.2500, 30.087051,    22, 10000,    21,    20,
   47.5000,    0.0000,   -2.2500,    4.5000,  9.056073,    22, 10000,    20,    18,
   49.0000,    0.0000,   -3.3750,    6.7500,  9.322998,    22, 10000,    19,    16,
   50.5000,    0.0000,   -4.5000,    9.0000, 13.800352,    22, 10000,    18,    14,
   52.0000,    0.0000,   -5.6250,   11.2500, 10.839911,    22, 10000,    17,    12,
   53.5000,    0.0000,   -6.7500,   13.5000, 13.023069,    22, 10000,    16,    10,
   55.0000,    0.0000,   -7.8750,   15.7500, 15.155169,    22, 10000,    15,     8,
   56.5000,    0.0000,   -9.0000,   18.0000, 13.981650,    22, 10000,    14,     6,
   58.0000,    0.0000,  -10.1250,   20.2500, 15.803014,    22, 10000,    13,     4,
   59.5000,    0.0000,  -11.2500,   22.5000, 16.416100,    22, 10000,    12,     2,
   44.5000,    0.0000,   -1.1250,    2.2500,116.738403,    23, 10000,    22,    21,
   46.0000,    0.0000,   -2.2500,    4.5000, 15.955495,    23, 10000,    21,    19,
   47.5000,    0.0000,   -3.3750,    6.7500, 12.335624,    23, 10000,    20,    17,
   49.0000,    0.0000,   -4.5000,    9.0000, 10.552578,    23, 10000,    19,    15,
   50.5000,    0.0000,   -5.6250,   11.2500, 15.309400,    23, 10000,    18,    13,
   52.0000,    0.0000,   -6.7500,   13.5000, 11.207963,    23, 10000,    17,    11,
   53.5000,    0.0000,   -7.8750,   15.7500, 14.659050,    23, 10000,    16,     9,
   55.0000,    0.0000,   -9.0000,   18.0000, 16.409941,    23, 10000,    15,     7,
   56.5000,    0.0000,  -10.1250,   20.2500, 15.374847,    23, 10000,    14,     5,
   58.0000,    0.0000,  -11.2500,   22.5000, 17.424801,    23, 10000,    13,     3,
   59.5000,    0.0000,  -12.3750,   24.7500, 17.271942,    23, 10000,    12,     1,
   43.0000,    0.0000,   -1.1250,    2.2500, 71.977539,    24, 10000,    23,    22,
   44.5000,    0.0000,   -2.2500,    4.5000, 21.071756,    24, 10000,    22,    20,
   46.0000,    0.0000,   -3.3750,    6.7500, 11.057869,    24, 10000,    21,    18,
   47.5000,    0.0000,   -4.5000,    9.0000, 13.968960,    24, 10000,    20,    16,
   49.0000,    0.0000,   -5.6250,   11.2500, 15.086736,    24, 10000,    19,    14,
   50.5000,    0.0000,   -6.7500,   13.5000, 18.237835,    24, 10000,    18,    12,
   52.0000,    0.0000,   -7.8750,   15.7500, 13.665202,    24, 10000,    17,    10,
   53.5000,    0.0000,   -9.0000,   18.0000, 17.825434,    24, 10000,    16,     8,
   55.0000,    0.0000,  -10.1250,   20.2500, 19.192911,    24, 10000,    15,     6,
   56.5000,    0.0000,  -11.2500,   22.5000, 17.818907,    24, 10000,    14,     4,
   58.0000,    0.0000,  -12.3750,   24.7500, 20.003225,    24, 10000,    13,     2,
   41.5000,    0.0000,   -1.1250,    2.2500, 31.637814,    25, 10000,    24,    23,
   43.0000,    0.0000,   -2.2500,    4.5000, 27.627439,    25, 10000,    23,    21,
   44.5000,    0.0000,   -3.3750,    6.7500, 14.166905,    25, 10000,    22,    19,
   46.0000,    0.0000,   -4.5000,    9.0000, 12.487450,    25, 10000,    21,    17,
   47.5000,    0.0000,   -5.6250,   11.2500, 13.541353,    25, 10000,    20,    15,
   49.0000,    0.0000,   -6.7500,   13.5000, 14.281196,    25, 10000,    19,    13,
   50.5000,    0.0000,   -7.8750,   15.7500, 16.387306,    25, 10000,    18,    11,
   52.0000,    0.0000,   -9.0000,   18.0000, 13.357573,    25, 10000,    17,     9,
   53.5000,    0.0000,  -10.1250,   20.2500, 16.608559,    25, 10000,    16,     7,
   55.0000,    0.0000,  -11.2500,   22.5000, 18.029716,    25, 10000,    15,     5,
   56.5000,    0.0000,  -12.3750,   24.7500, 16.886913,    25, 10000,    14,     3,
   58.0000,    0.0000,  -13.5000,   27.0000, 18.114597,    25, 10000,    13,     1,
   40.0000,    0.0000,   -1.1250,    2.2500,100.691284,    26, 10000,    25,    24,
   41.5000,    0.0000,   -2.2500,    4.5000, 18.399984,    26, 10000,    24,    22,
   43.0000,    0.0000,   -3.3750,    6.7500, 16.170925,    26, 10000,    23,    20,
   44.5000,    0.0000,   -4.5000,    9.0000, 11.927318,    26, 10000,    22,    18,
   46.0000,    0.0000,   -5.6250,   11.2500, 11.694839,    26, 10000,    21,    16,
   47.5000,    0.0000,   -6.7500,   13.5000, 14.777488,    26, 10000,    20,    14,
   49.0000,    0.0000,   -7.8750,   15.7500, 14.713195,    26, 10000,    19,    12,
   50.5000,    0.0000,   -9.0000,   18.0000, 15.961054,    26, 10000,    18,    10,
   52.0000,    0.0000,  -10.1250,   20.2500, 13.723155,    26, 10000,    17,     8,
   53.5000,    0.0000,  -11.2500,   22.5000, 16.251585,    26, 10000,    16,     6,
   55.0000,    0.0000,  -12.3750,   24.7500, 17.482876,    26, 10000,    15,     4,
   56.5000,    0.0000,  -13.5000,   27.0000, 16.473682,    26, 10000,    14,     2,
   38.5000,    0.0000,   -1.1250,    2.2500,142.187759,    27, 10000,    26,    25,
   40.0000,    0.0000,   -2.2500,    4.5000, 45.468285,    27, 10000,    25,    23,
   41.5000,    0.0000,   -3.3750,    6.7500, 18.231173,    27, 10000,    24,    21,
   43.0000,    0.0000,   -4.5000,    9.0000, 17.512337,    27, 10000,    23,    19,
   44.5000,    0.0000,   -5.6250,   11.2500, 16.511305,    27, 10000,    22,    17,
   46.0000,    0.0000,   -6.7500,   13.5000, 14.066921,    27, 10000,    21,    15,
   47.5000,    0.0000,   -7.8750,   15.7500, 17.481350,    27, 10000,    20,    13,
   49.0000,    0.0000,   -9.0000,   18.0000, 16.765785,    27, 10000,    19,    11,
   50.5000,    0.0000,  -10.1250,   20.2500, 18.895256,    27, 10000,    18,     9,
   52.0000,    0.0000,  -11.2500,   22.5000, 15.944547,    27, 10000,    17,     7,
   53.5000,    0.0000,  -12.3750,   24.7500, 18.454773,    27, 10000,    16,     5,
   55.0000,    0.0000,  -13.5000,   27.0000, 20.405355,    27, 10000,    15,     3,
   56.5000,    0.0000,  -14.6250,   29.2500, 18.547167,    27, 10000,    14,     1,
   37.0000,    0.0000,   -1.1250,    2.2500,118.711540,    28, 10000,    27,    26,
   38.5000,    0.0000,   -2.2500,    4.5000, 47.452267,    28, 10000,    26,    24,
   40.0000,    0.0000,   -3.3750,    6.7500, 19.744379,    28, 10000,    25,    22,
   41.5000,    0.0000,   -4.5000,    9.0000, 14.588566,    28, 10000,    24,    20,
   43.0000,    0.0000,   -5.6250,   11.2500, 14.931079,    28, 10000,    23,    18,
   44.5000,    0.0000,   -6.7500,   13.5000, 14.266047,    28, 10000,    22,    16,
   46.0000,    0.0000,   -7.8750,   15.7500, 14.202920,    28, 10000,    21,    14,
   47.5000,    0.0000,   -9.0000,   18.0000, 16.458813,    28, 10000,    20,    12,
   49.0000,    0.0000,  -10.1250,   20.2500, 15.226013,    28, 10000,    19,    10,
   50.5000,    0.0000,  -11.2500,   22.5000, 17.740326,    28, 10000,    18,     8,
   52.0000,    0.0000,  -12.3750,   24.7500, 14.758959,    28, 10000,    17,     6,
   53.5000,    0.0000,  -13.5000,   27.0000, 17.249346,    28, 10000,    16,     4,
   55.0000,    0.0000,  -14.6250,   29.2500, 18.549500,    28, 10000,    15,     2,
   35.5000,    0.0000,   -1.1250,    2.2500,  5.064822,    29, 10000,    28,    27,
   37.0000,    0.0000,   -2.2500,    4.5000,  7.486229,    29, 10000,    27,    25,
   38.5000,    0.0000,   -3.3750,    6.7500,  6.245779,    29, 10000,    26,    23,
   40.0000,    0.0000,   -4.5000,    9.0000,  9.276165,    29, 10000,    25,    21,
   41.5000,    0.0000,   -5.6250,   11.2500, 11.610279,    29, 10000,    24,    19,
   43.0000,    0.0000,   -6.7500,   13.5000, 13.215036,    29, 10000,    23,    17,
   44.5000,    0.0000,   -7.8750,   15.7500, 11.761465,    29, 10000,    22,    15,
   46.0000,    0.0000,   -9.0000,   18.0000, 11.845448,    29, 10000,    21,    13,
   47.5000,    0.0000,  -10.1250,   20.2500, 13.530107,    29, 10000,    20,    11,
   49.0000,    0.0000,  -11.2500,   22.5000, 13.465247,    29, 10000,    19,     9,
   50.5000,    0.0000,  -12.3750,   24.7500, 15.066747,    29, 10000,    18,     7,
   52.0000,    0.0000,  -13.5000,   27.0000, 13.154030,    29, 10000,    17,     5,
   53.5000,    0.0000,  -14.6250,   29.2500, 15.159569,    29, 10000,    16,     3,
   55.0000,    0.0000,  -15.7500,   31.5000, 15.776895,    29, 10000,    15,     1,
   34.0000,    0.0000,   -1.1250,    2.2500, 43.920773,    30, 10000,    29,    28,
   35.5000,    0.0000,   -2.2500,    4.5000,  7.572742,    30, 10000,    28,    26,
   37.0000,    0.0000,   -3.3750,    6.7500,  8.951245,    30, 10000,    27,    24,
   38.5000,    0.0000,   -4.5000,    9.0000,  9.403181,    30, 10000,    26,    22,
   40.0000,    0.0000,   -5.6250,   11.2500, 11.997198,    30, 10000,    25,    20,
   41.5000,    0.0000,   -6.7500,   13.5000, 15.314292,    30, 10000,    24,    18,
   43.0000,    0.0000,   -7.8750,   15.7500, 16.546177,    30, 10000,    23,    16,
   44.5000,    0.0000,   -9.0000,   18.0000, 16.365997,    30, 10000,    22,    14,
   46.0000,    0.0000,  -10.1250,   20.2500, 15.613301,    30, 10000,    21,    12,
   47.5000,    0.0000,  -11.2500,   22.5000, 17.149260,    30, 10000,    20,    10,
   49.0000,    0.0000,  -12.3750,   24.7500, 17.431784,    30, 10000,    19,     8,
   50.5000,    0.0000,  -13.5000,   27.0000, 18.965401,    30, 10000,    18,     6,
   52.0000,    0.0000,  -14.6250,   29.2500, 16.357576,    30, 10000,    17,     4,
   53.5000,    0.0000,  -15.7500,   31.5000, 19.039347,    30, 10000,    16,     2,
   32.5000,    0.0000,   -1.1250,    2.2500, 68.278557,    31, 10000,    30,    29,
   34.0000,    0.0000,   -2.2500,    4.5000, 15.912200,    31, 10000,    29,    27,
   35.5000,    0.0000,   -3.3750,    6.7500,  7.179541,    31, 10000,    28,    25,
   37.0000,    0.0000,   -4.5000,    9.0000, 10.585816,    31, 10000,    27,    23,
   38.5000,    0.0000,   -5.6250,   11.2500, 11.960289,    31, 10000,    26,    21,
   40.0000,    0.0000,   -6.7500,   13.5000, 14.746548,    31, 10000,    25,    19,
   41.5000,    0.0000,   -7.8750,   15.7500, 19.856180,    31, 10000,    24,    17,
   43.0000,    0.0000,   -9.0000,   18.0000, 18.786198,    31, 10000,    23,    15,
   44.5000,    0.0000,  -10.1250,   20.2500, 18.356270,    31, 10000,    22,    13,
   46.0000,    0.0000,  -11.2500,   22.5000, 16.875547,    31, 10000,    21,    11,
   47.5000,    0.0000,  -12.3750,   24.7500, 19.495768,    31, 10000,    20,     9,
   49.0000,    0.0000,  -13.5000,   27.0000, 19.514767,    31, 10000,    19,     7,
   50.5000,    0.0000,  -14.6250,   29.2500, 21.124311,    31, 10000,    18,     5,
   52.0000,    0.0000,  -15.7500,   31.5000, 18.469631,    31, 10000,    17,     3,
   53.5000,    0.0000,  -16.8750,   33.7500, 20.837542,    31, 10000,    16,     1,
   31.0000,    0.0000,   -1.1250,    2.2500, 55.403835,    32, 10000,    31,    30,
   32.5000,    0.0000,   -2.2500,    4.5000, 30.301914,    32, 10000,    30,    28,
   34.0000,    0.0000,   -3.3750,    6.7500, 10.550735,    32, 10000,    29,    26,
   35.5000,    0.0000,   -4.5000,    9.0000,  6.170448,    32, 10000,    28,    24,
   37.0000,    0.0000,   -5.6250,   11.2500, 12.792454,    32, 10000,    27,    22,
   38.5000,    0.0000,   -6.7500,   13.5000, 12.125490,    32, 10000,    26,    20,
   40.0000,    0.0000,   -7.8750,   15.7500, 15.782242,    32, 10000,    25,    18,
   41.5000,    0.0000,   -9.0000,   18.0000, 20.459049,    32, 10000,    24,    16,
   43.0000,    0.0000,  -10.1250,   20.2500, 21.270456,    32, 10000,    23,    14,
   44.5000,    0.0000,  -11.2500,   22.5000, 20.168167,    32, 10000,    22,    12,
   46.0000,    0.0000,  -12.3750,   24.7500, 17.884420,    32, 10000,    21,    10,
   47.5000,    0.0000,  -13.5000,   27.0000, 21.250866,    32, 10000,    20,     8,
   49.0000,    0.0000,  -14.6250,   29.2500, 20.824348,    32, 10000,    19,     6,
   50.5000,    0.0000,  -15.7500,   31.5000, 22.434561,    32, 10000,    18,     4,
   52.0000,    0.0000,  -16.8750,   33.7500, 19.741072,    32, 10000,    17,     2,
   29.5000,    0.0000,   -1.1250,    2.2500, 36.865856,    33, 10000,    32,    31,
   31.0000,    0.0000,   -2.2500,    4.5000, 22.047787,    33, 10000,    31,    29,
   32.5000,    0.0000,   -3.3750,    6.7500, 13.482053,    33, 10000,    30,    27,
   34.0000,    0.0000,   -4.5000,    9.0000,  8.093463,    33, 10000,    29,    25,
   35.5000,    0.0000,   -5.6250,   11.2500,  7.950898,    33, 10000,    28,    23,
   37.0000,    0.0000,   -6.7500,   13.5000, 15.636292,    33, 10000,    27,    21,
   38.5000,    0.0000,   -7.8750,   15.7500, 14.394254,    33, 10000,    26,    19,
   40.0000,    0.0000,   -9.0000,   18.0000, 19.629728,    33, 10000,    25,    17,
   41.5000,    0.0000,  -10.1250,   20.2500, 22.422913,    33, 10000,    24,    15,
   43.0000,    0.0000,  -11.2500,   22.5000, 22.976725,    33, 10000,    23,    13,
   44.5000,    0.0000,  -12.3750,   24.7500, 21.040649,    33, 10000,    22,    11,
   46.0000,    0.0000,  -13.5000,   27.0000, 19.723131,    33, 10000,    21,     9,
   47.5000,    0.0000,  -14.6250,   29.2500, 22.937618,    33, 10000,    20,     7,
   49.0000,    0.0000,  -15.7500,   31.5000, 22.595919,    33, 10000,    19,     5,
   50.5000,    0.0000,  -16.8750,   33.7500, 24.394564,    33, 10000,    18,     3,
   52.0000,    0.0000,  -18.0000,   36.0000, 20.972673,    33, 10000,    17,     1,
   28.0000,    0.0000,   -1.1250,    2.2500, 17.219734,    34, 10000,    33,    32,
   29.5000,    0.0000,   -2.2500,    4.5000, 14.914408,    34, 10000,    32,    30,
   31.0000,    0.0000,   -3.3750,    6.7500, 15.159342,    34, 10000,    31,    28,
   32.5000,    0.0000,   -4.5000,    9.0000, 12.864425,    34, 10000,    30,    26,
   34.0000,    0.0000,   -5.6250,   11.2500,  6.840438,    34, 10000,    29,    24,
   35.5000,    0.0000,   -6.7500,   13.5000, 10.060959,    34, 10000,    28,    22,
   37.0000,    0.0000,   -7.8750,   15.7500, 15.553686,    34, 10000,    27,    20,
   38.5000,    0.0000,   -9.0000,   18.0000, 14.620492,    34, 10000,    26,    18,
   40.0000,    0.0000,  -10.1250,   20.2500, 19.206327,    34, 10000,    25,    16,
   41.5000,    0.0000,  -11.2500,   22.5000, 24.139889,    34, 10000,    24,    14,
   43.0000,    0.0000,  -12.3750,   24.7500, 23.871378,    34, 10000,    23,    12,
   44.5000,    0.0000,  -13.5000,   27.0000, 21.290554,    34, 10000,    22,    10,
   46.0000,    0.0000,  -14.6250,   29.2500, 20.566017,    34, 10000,    21,     8,
   47.5000,    0.0000,  -15.7500,   31.5000, 23.338362,    34, 10000,    20,     6,
   49.0000,    0.0000,  -16.8750,   33.7500, 23.103991,    34, 10000,    19,     4,
   50.5000,    0.0000,  -18.0000,   36.0000, 24.786699,    34, 10000,    18,     2,
   26.5000,    0.0000,   -1.1250,    2.2500, 15.036532,    35, 10000,    34,    33,
   28.0000,    0.0000,   -2.2500,    4.5000, 10.727461,    35, 10000,    33,    31,
   29.5000,    0.0000,   -3.3750,    6.7500, 14.327491,    35, 10000,    32,    29,
   31.0000,    0.0000,   -4.5000,    9.0000, 12.481212,    35, 10000,    31,    27,
   32.5000,    0.0000,   -5.6250,   11.2500, 12.052356,    35, 10000,    30,    25,
   34.0000,    0.0000,   -6.7500,   13.5000,  8.217979,    35, 10000,    29,    23,
   35.5000,    0.0000,   -7.8750,   15.7500, 12.157338,    35, 10000,    28,    21,
   37.0000,    0.0000,   -9.0000,   18.0000, 17.062714,    35, 10000,    27,    19,
   38.5000,    0.0000,  -10.1250,   20.2500, 17.323271,    35, 10000,    26,    17,
   40.0000,    0.0000,  -11.2500,   22.5000, 19.709442,    35, 10000,    25,    15,
   41.5000,    0.0000,  -12.3750,   24.7500, 24.457947,    35, 10000,    24,    13,
   43.0000,    0.0000,  -13.5000,   27.0000, 23.399775,    35, 10000,    23,    11,
   44.5000,    0.0000,  -14.6250,   29.2500, 22.073187,    35, 10000,    22,     9,
   46.0000,    0.0000,  -15.7500,   31.5000, 20.960838,    35, 10000,    21,     7,
   47.5000,    0.0000,  -16.8750,   33.7500, 23.853786,    35, 10000,    20,     5,
   49.0000,    0.0000,  -18.0000,   36.0000, 23.790836,    35, 10000,    19,     3,
   50.5000,    0.0000,  -19.1250,   38.2500, 24.826410,    35, 10000,    18,     1,
   25.0000,    0.0000,   -1.1250,    2.2500, 13.224340,    36, 10000,    35,    34,
   26.5000,    0.0000,   -2.2500,    4.5000,  7.821582,    36, 10000,    34,    32,
   28.0000,    0.0000,   -3.3750,    6.7500,  8.504769,    36, 10000,    33,    30,
   29.5000,    0.0000,   -4.5000,    9.0000, 10.402958,    36, 10000,    32,    28,
   31.0000,    0.0000,   -5.6250,   11.2500, 10.284695,    36, 10000,    31,    26,
   32.5000,    0.0000,   -6.7500,   13.5000,  8.436592,    36, 10000,    30,    24,
   34.0000,    0.0000,   -7.8750,   15.7500,  7.631136,    36, 10000,    29,    22,
   35.5000,    0.0000,   -9.0000,   18.0000,  8.821356,    36, 10000,    28,    20,
   37.0000,    0.0000,  -10.1250,   20.2500, 12.426438,    36, 10000,    27,    18,
   38.5000,    0.0000,  -11.2500,   22.5000, 12.175615,    36, 10000,    26,    16,
   40.0000,    0.0000,  -12.3750,   24.7500, 14.983165,    36, 10000,    25,    14,
   41.5000,    0.0000,  -13.5000,   27.0000, 17.454144,    36, 10000,    24,    12,
   43.0000,    0.0000,  -14.6250,   29.2500, 16.854509,    36, 10000,    23,    10,
   44.5000,    0.0000,  -15.7500,   31.5000, 16.468735,    36, 10000,    22,     8,
   46.0000,    0.0000,  -16.8750,   33.7500, 15.730184,    36, 10000,    21,     6,
   47.5000,    0.0000,  -18.0000,   36.0000, 17.401365,    36, 10000,    20,     4,
   49.0000,    0.0000,  -19.1250,   38.2500, 17.162159,    36, 10000,    19,     2,
   23.5000,    0.0000,   -1.1250,    2.2500, 10.520958,    37, 10000,    36,    35,
   25.0000,    0.0000,   -2.2500,    4.5000,  4.470518,    37, 10000,    35,    33,
   26.5000,    0.0000,   -3.3750,    6.7500,  3.868730,    37, 10000,    34,    31,
   28.0000,    0.0000,   -4.5000,    9.0000,  4.560240,    37, 10000,    33,    29,
   29.5000,    0.0000,   -5.6250,   11.2500,  4.750399,    37, 10000,    32,    27,
   31.0000,    0.0000,   -6.7500,   13.5000,  5.087020,    37, 10000,    31,    25,
   32.5000,    0.0000,   -7.8750,   15.7500,  5.239002,    37, 10000,    30,    23,
   34.0000,    0.0000,   -9.0000,   18.0000,  5.231666,    37, 10000,    29,    21,
   35.5000,    0.0000,  -10.1250,   20.2500,  5.757787,    37, 10000,    28,    19,
   37.0000,    0.0000,  -11.2500,   22.5000,  6.722422,    37, 10000,    27,    17,
   38.5000,    0.0000,  -12.3750,   24.7500,  7.075907,    37, 10000,    26,    15,
   40.0000,    0.0000,  -13.5000,   27.0000,  7.651190,    37, 10000,    25,    13,
   41.5000,    0.0000,  -14.6250,   29.2500,  8.456877,    37, 10000,    24,    11,
   43.0000,    0.0000,  -15.7500,   31.5000,  8.867938,    37, 10000,    23,     9,
   44.5000,    0.0000,  -16.8750,   33.7500,  8.877397,    37, 10000,    22,     7,
   46.0000,    0.0000,  -18.0000,   36.0000,  9.233037,    37, 10000,    21,     5,
   47.5000,    0.0000,  -19.1250,   38.2500,  8.844710,    37, 10000,    20,     3,
   49.0000,    0.0000,  -20.2500,   40.5000,  8.624947,    37, 10000,    19,     1,
   22.0000,    0.0000,   -1.1250,    2.2500,  1.292593,    38, 10000,    37,    36,
   23.5000,    0.0000,   -2.2500,    4.5000,  4.016423,    38, 10000,    36,    34,
   25.0000,    0.0000,   -3.3750,    6.7500, 10.022261,    38, 10000,    35,    32,
   26.5000,    0.0000,   -4.5000,    9.0000, 12.152183,    38, 10000,    34,    30,
   28.0000,    0.0000,   -5.6250,   11.2500, 15.153412,    38, 10000,    33,    28,
   29.5000,    0.0000,   -6.7500,   13.5000, 14.826884,    38, 10000,    32,    26,
   31.0000,    0.0000,   -7.8750,   15.7500, 12.601113,    38, 10000,    31,    24,
   32.5000,    0.0000,   -9.0000,   18.0000, 13.620746,    38, 10000,    30,    22,
   34.0000,    0.0000,  -10.1250,   20.2500, 10.376155,    38, 10000,    29,    20,
   35.5000,    0.0000,  -11.2500,   22.5000, 12.566978,    38, 10000,    28,    18,
   37.0000,    0.0000,  -12.3750,   24.7500, 17.930840,    38, 10000,    27,    16,
   38.5000,    0.0000,  -13.5000,   27.0000, 17.238325,    38, 10000,    26,    14,
   40.0000,    0.0000,  -14.6250,   29.2500, 20.669065,    38, 10000,    25,    12,
   41.5000,    0.0000,  -15.7500,   31.5000, 23.014423,    38, 10000,    24,    10,
   43.0000,    0.0000,  -16.8750,   33.7500, 22.988356,    38, 10000,    23,     8,
   44.5000,    0.0000,  -18.0000,   36.0000, 21.782244,    38, 10000,    22,     6,
   46.0000,    0.0000,  -19.1250,   38.2500, 20.688627,    38, 10000,    21,     4,
   47.5000,    0.0000,  -20.2500,   40.5000, 23.424627,    38, 10000,    20,     2,
   20.5000,    0.0000,   -1.1250,    2.2500, 25.152470,    39, 10000,    38,    37,
   22.0000,    0.0000,   -2.2500,    4.5000,  4.934871,    39, 10000,    37,    35,
   23.5000,    0.0000,   -3.3750,    6.7500,  3.916378,    39, 10000,    36,    33,
   25.0000,    0.0000,   -4.5000,    9.0000, 11.844869,    39, 10000,    35,    31,
   26.5000,    0.0000,   -5.6250,   11.2500, 15.732458,    39, 10000,    34,    29,
   28.0000,    0.0000,   -6.7500,   13.5000, 14.395761,    39, 10000,    33,    27,
   29.5000,    0.0000,   -7.8750,   15.7500, 14.556337,    39, 10000,    32,    25,
   31.0000,    0.0000,   -9.0000,   18.0000, 14.117058,    39, 10000,    31,    23,
   32.5000,    0.0000,  -10.1250,   20.2500, 15.255575,    39, 10000,    30,    21,
   34.0000,    0.0000,  -11.2500,   22.5000, 11.441692,    39, 10000,    29,    19,
   35.5000,    0.0000,  -12.3750,   24.7500, 14.770756,    39, 10000,    28,    17,
   37.0000,    0.0000,  -13.5000,   27.0000, 18.206089,    39, 10000,    27,    15,
   38.5000,    0.0000,  -14.6250,   29.2500, 17.399925,    39, 10000,    26,    13,
   40.0000,    0.0000,  -15.7500,   31.5000, 20.151516,    39, 10000,    25,    11,
   41.5000,    0.0000,  -16.8750,   33.7500, 23.429829,    39, 10000,    24,     9,
   43.0000,    0.0000,  -18.0000,   36.0000, 23.077127,    39, 10000,    23,     7,
   44.5000,    0.0000,  -19.1250,   38.2500, 22.062263,    39, 10000,    22,     5,
   46.0000,    0.0000,  -20.2500,   40.5000, 21.090988,    39, 10000,    21,     3,
   47.5000,    0.0000,  -21.3750,   42.7500, 23.299006,    39, 10000,    20,     1,
   19.0000,    0.0000,   -1.1250,    2.2500,  7.641800,    40, 10000,    39,    38,
   20.5000,    0.0000,   -2.2500,    4.5000, 10.815393,    40, 10000,    38,    36,
   22.0000,    0.0000,   -3.3750,    6.7500,  5.198695,    40, 10000,    37,    34,
   23.5000,    0.0000,   -4.5000,    9.0000,  3.756021,    40, 10000,    36,    32,
   25.0000,    0.0000,   -5.6250,   11.2500, 11.864515,    40, 10000,    35,    30,
   26.5000,    0.0000,   -6.7500,   13.5000, 14.208800,    40, 10000,    34,    28,
   28.0000,    0.0000,   -7.8750,   15.7500, 14.498808,    40, 10000,    33,    26,
   29.5000,    0.0000,   -9.0000,   18.0000, 12.389018,    40, 10000,    32,    24,
   31.0000,    0.0000,  -10.1250,   20.2500, 14.071684,    40, 10000,    31,    22,
   32.5000,    0.0000,  -11.2500,   22.5000, 13.388301,    40, 10000,    30,    20,
   34.0000,    0.0000,  -12.3750,   24.7500, 10.636799,    40, 10000,    29,    18,
   35.5000,    0.0000,  -13.5000,   27.0000, 13.024450,    40, 10000,    28,    16,
   37.0000,    0.0000,  -14.6250,   29.2500, 17.810390,    40, 10000,    27,    14,
   38.5000,    0.0000,  -15.7500,   31.5000, 16.677618,    40, 10000,    26,    12,
   40.0000,    0.0000,  -16.8750,   33.7500, 18.717693,    40, 10000,    25,    10,
   41.5000,    0.0000,  -18.0000,   36.0000, 22.145422,    40, 10000,    24,     8,
   43.0000,    0.0000,  -19.1250,   38.2500, 21.635702,    40, 10000,    23,     6,
   44.5000,    0.0000,  -20.2500,   40.5000, 20.796076,    40, 10000,    22,     4,
   46.0000,    0.0000,  -21.3750,   42.7500, 20.078289,    40, 10000,    21,     2,
   17.5000,    0.0000,   -1.1250,    2.2500, 32.109772,    41, 10000,    40,    39,
   19.0000,    0.0000,   -2.2500,    4.5000, 13.011715,    41, 10000,    39,    37,
   20.5000,    0.0000,   -3.3750,    6.7500,  8.132035,    41, 10000,    38,    35,
   22.0000,    0.0000,   -4.5000,    9.0000,  4.389648,    41, 10000,    37,    33,
   23.5000,    0.0000,   -5.6250,   11.2500,  4.523742,    41, 10000,    36,    31,
   25.0000,    0.0000,   -6.7500,   13.5000, 13.453122,    41, 10000,    35,    29,
   26.5000,    0.0000,   -7.8750,   15.7500, 12.118649,    41, 10000,    34,    27,
   28.0000,    0.0000,   -9.0000,   18.0000, 12.942847,    41, 10000,    33,    25,
   29.5000,    0.0000,  -10.1250,   20.2500, 12.446748,    41, 10000,    32,    23,
   31.0000,    0.0000,  -11.2500,   22.5000, 14.071633,    41, 10000,    31,    21,
   32.5000,    0.0000,  -12.3750,   24.7500, 13.146780,    41, 10000,    30,    19,
   34.0000,    0.0000,  -13.5000,   27.0000, 11.567585,    41, 10000,    29,    17,
   35.5000,    0.0000,  -14.6250,   29.2500, 12.317302,    41, 10000,    28,    15,
   37.0000,    0.0000,  -15.7500,   31.5000, 16.451763,    41, 10000,    27,    13,
   38.5000,    0.0000,  -16.8750,   33.7500, 15.171427,    41, 10000,    26,    11,
   40.0000,    0.0000,  -18.0000,   36.0000, 17.684416,    41, 10000,    25,     9,
   41.5000,    0.0000,  -19.1250,   38.2500, 20.427666,    41, 10000,    24,     7,
   43.0000,    0.0000,  -20.2500,   40.5000, 20.207211,    41, 10000,    23,     5,
   44.5000,    0.0000,  -21.3750,   42.7500, 19.501755,    41, 10000,    22,     3,
   46.0000,    0.0000,  -22.5000,   45.0000, 18.553562,    41, 10000,    21,     1,
   16.0000,    0.0000,   -1.1250,    2.2500, 59.022224,    42, 10000,    41,    40,
   17.5000,    0.0000,   -2.2500,    4.5000, 16.458441,    42, 10000,    40,    38,
   19.0000,    0.0000,   -3.3750,    6.7500, 11.476088,    42, 10000,    39,    36,
   20.5000,    0.0000,   -4.5000,    9.0000, 10.009387,    42, 10000,    38,    34,
   22.0000,    0.0000,   -5.6250,   11.2500,  3.749127,    42, 10000,    37,    32,
   23.5000,    0.0000,   -6.7500,   13.5000,  6.329443,    42, 10000,    36,    30,
   25.0000,    0.0000,   -7.8750,   15.7500, 14.420176,    42, 10000,    35,    28,
   26.5000,    0.0000,   -9.0000,   18.0000, 14.332268,    42, 10000,    34,    26,
   28.0000,    0.0000,  -10.1250,   20.2500, 13.046935,    42, 10000,    33,    24,
   29.5000,    0.0000,  -11.2500,   22.5000, 14.200613,    42, 10000,    32,    22,
   31.0000,    0.0000,  -12.3750,   24.7500, 14.308969,    42, 10000,    31,    20,
   32.5000,    0.0000,  -13.5000,   27.0000, 13.798549,    42, 10000,    30,    18,
   34.0000,    0.0000,  -14.6250,   29.2500, 11.430414,    42, 10000,    29,    16,
   35.5000,    0.0000,  -15.7500,   31.5000, 13.777467,    42, 10000,    28,    14,
   37.0000,    0.0000,  -16.8750,   33.7500, 17.607185,    42, 10000,    27,    12,
   38.5000,    0.0000,  -18.0000,   36.0000, 15.836062,    42, 10000,    26,    10,
   40.0000,    0.0000,  -19.1250,   38.2500, 18.817707,    42, 10000,    25,     8,
   41.5000,    0.0000,  -20.2500,   40.5000, 21.348450,    42, 10000,    24,     6,
   43.0000,    0.0000,  -21.3750,   42.7500, 21.049986,    42, 10000,    23,     4,
   44.5000,    0.0000,  -22.5000,   45.0000, 20.345274,    42, 10000,    22,     2,
   14.5000,    0.0000,   -1.1250,    2.2500, 65.871536,    43, 10000,    42,    41,
   16.0000,    0.0000,   -2.2500,    4.5000, 18.060722,    43, 10000,    41,    39,
   17.5000,    0.0000,   -3.3750,    6.7500, 16.573082,    43, 10000,    40,    37,
   19.0000,    0.0000,   -4.5000,    9.0000,  8.340418,    43, 10000,    39,    35,
   20.5000,    0.0000,   -5.6250,   11.2500,  9.564441,    43, 10000,    38,    33,
   22.0000,    0.0000,   -6.7500,   13.5000,  1.978104,    43, 10000,    37,    31,
   23.5000,    0.0000,   -7.8750,   15.7500,  7.468272,    43, 10000,    36,    29,
   25.0000,    0.0000,   -9.0000,   18.0000, 11.453576,    43, 10000,    35,    27,
   26.5000,    0.0000,  -10.1250,   20.2500, 11.815149,    43, 10000,    34,    25,
   28.0000,    0.0000,  -11.2500,   22.5000, 11.980361,    43, 10000,    33,    23,
   29.5000,    0.0000,  -12.3750,   24.7500, 12.974760,    43, 10000,    32,    21,
   31.0000,    0.0000,  -13.5000,   27.0000, 12.923969,    43, 10000,    31,    19,
   32.5000,    0.0000,  -14.6250,   29.2500, 13.168770,    43, 10000,    30,    17,
   34.0000,    0.0000,  -15.7500,   31.5000, 10.567266,    43, 10000,    29,    15,
   35.5000,    0.0000,  -16.8750,   33.7500, 12.250001,    43, 10000,    28,    13,
   37.0000,    0.0000,  -18.0000,   36.0000, 14.994576,    43, 10000,    27,    11,
   38.5000,    0.0000,  -19.1250,   38.2500, 14.339801,    43, 10000,    26,     9,
   40.0000,    0.0000,  -20.2500,   40.5000, 16.406546,    43, 10000,    25,     7,
   41.5000,    0.0000,  -21.3750,   42.7500, 18.393410,    43, 10000,    24,     5,
   43.0000,    0.0000,  -22.5000,   45.0000, 18.175198,    43, 10000,    23,     3,
   44.5000,    0.0000,  -23.6250,   47.2500, 17.494062,    43, 10000,    22,     1,
   13.0000,    0.0000,   -1.1250,    2.2500, 44.418701,    44, 10000,    43,    42,
   14.5000,    0.0000,   -2.2500,    4.5000, 18.341375,    44, 10000,    42,    40,
   16.0000,    0.0000,   -3.3750,    6.7500, 11.117182,    44, 10000,    41,    38,
   17.5000,    0.0000,   -4.5000,    9.0000, 13.570737,    44, 10000,    40,    36,
   19.0000,    0.0000,   -5.6250,   11.2500,  9.829906,    44, 10000,    39,    34,
   20.5000,    0.0000,   -6.7500,   13.5000, 11.296366,    44, 10000,    38,    32,
   22.0000,    0.0000,   -7.8750,   15.7500,  1.705274,    44, 10000,    37,    30,
   23.5000,    0.0000,   -9.0000,   18.0000,  7.921496,    44, 10000,    36,    28,
   25.0000,    0.0000,  -10.1250,   20.2500, 13.602916,    44, 10000,    35,    26,
   26.5000,    0.0000,  -11.2500,   22.5000, 12.305586,    44, 10000,    34,    24,
   28.0000,    0.0000,  -12.3750,   24.7500, 13.996591,    44, 10000,    33,    22,
   29.5000,    0.0000,  -13.5000,   27.0000, 13.792828,    44, 10000,    32,    20,
   31.0000,    0.0000,  -14.6250,   29.2500, 14.057540,    44, 10000,    31,    18,
   32.5000,    0.0000,  -15.7500,   31.5000, 13.732130,    44, 10000,    30,    16,
   34.0000,    0.0000,  -16.8750,   33.7500, 11.648463,    44, 10000,    29,    14,
   35.5000,    0.0000,  -18.0000,   36.0000, 13.424444,    44, 10000,    28,    12,
   37.0000,    0.0000,  -19.1250,   38.2500, 16.188562,    44, 10000,    27,    10,
   38.5000,    0.0000,  -20.2500,   40.5000, 15.710808,    44, 10000,    26,     8,
   40.0000,    0.0000,  -21.3750,   42.7500, 17.864056,    44, 10000,    25,     6,
   41.5000,    0.0000,  -22.5000,   45.0000, 20.191788,    44, 10000,    24,     4,
   43.0000,    0.0000,  -23.6250,   47.2500, 20.001024,    44, 10000,    23,     2,
   11.5000,    0.0000,   -1.1250,    2.2500,122.995781,    45, 10000,    44,    43,
   13.0000,    0.0000,   -2.2500,    4.5000, 24.849705,    45, 10000,    43,    41,
   14.5000,    0.0000,   -3.3750,    6.7500, 13.866715,    45, 10000,    42,    39,
   16.0000,    0.0000,   -4.5000,    9.0000, 11.721737,    45, 10000,    41,    37,
   17.5000,    0.0000,   -5.6250,   11.2500,  7.439490,    45, 10000,    40,    35,
   19.0000,    0.0000,   -6.7500,   13.5000,  6.797367,    45, 10000,    39,    33,
   20.5000,    0.0000,   -7.8750,   15.7500,  7.547226,    45, 10000,    38,    31,
   22.0000,    0.0000,   -9.0000,   18.0000,  1.480958,    45, 10000,    37,    29,
   23.5000,    0.0000,  -10.1250,   20.2500,  5.172256,    45, 10000,    36,    27,
   25.0000,    0.0000,  -11.2500,   22.5000,  7.849723,    45, 10000,    35,    25,
   26.5000,    0.0000,  -12.3750,   24.7500,  8.058411,    45, 10000,    34,    23,
   28.0000,    0.0000,  -13.5000,   27.0000,  8.554989,    45, 10000,    33,    21,
   29.5000,    0.0000,  -14.6250,   29.2500,  8.948882,    45, 10000,    32,    19,
   31.0000,    0.0000,  -15.7500,   31.5000,  9.304896,    45, 10000,    31,    17,
   32.5000,    0.0000,  -16.8750,   33.7500,  9.459839,    45, 10000,    30,    15,
   34.0000,    0.0000,  -18.0000,   36.0000,  9.014653,    45, 10000,    29,    13,
   35.5000,    0.0000,  -19.1250,   38.2500,  9.875373,    45, 10000,    28,    11,
   37.0000,    0.0000,  -20.2500,   40.5000, 10.895517,    45, 10000,    27,     9,
   38.5000,    0.0000,  -21.3750,   42.7500, 11.178649,    45, 10000,    26,     7,
   40.0000,    0.0000,  -22.5000,   45.0000, 12.012209,    45, 10000,    25,     5,
   41.5000,    0.0000,  -23.6250,   47.2500, 12.441360,    45, 10000,    24,     3,
   43.0000,    0.0000,  -24.7500,   49.5000, 12.522273,    45, 10000,    23,     1,
   10.0000,    0.0000,   -1.1250,    2.2500,105.631393,    46, 10000,    45,    44,
   11.5000,    0.0000,   -2.2500,    4.5000, 25.018562,    46, 10000,    44,    42,
   13.0000,    0.0000,   -3.3750,    6.7500,  8.415048,    46, 10000,    43,    40,
   14.5000,    0.0000,   -4.5000,    9.0000,  7.211942,    46, 10000,    42,    38,
   16.0000,    0.0000,   -5.6250,   11.2500,  8.779814,    46, 10000,    41,    36,
   17.5000,    0.0000,   -6.7500,   13.5000,  7.580689,    46, 10000,    40,    34,
   19.0000,    0.0000,   -7.8750,   15.7500,  7.462607,    46, 10000,    39,    32,
   20.5000,    0.0000,   -9.0000,   18.0000,  8.254895,    46, 10000,    38,    30,
   22.0000,    0.0000,  -10.1250,   20.2500,  1.453352,    46, 10000,    37,    28,
   23.5000,    0.0000,  -11.2500,   22.5000,  5.734023,    46, 10000,    36,    26,
   25.0000,    0.0000,  -12.3750,   24.7500,  8.319611,    46, 10000,    35,    24,
   26.5000,    0.0000,  -13.5000,   27.0000,  8.976853,    46, 10000,    34,    22,
   28.0000,    0.0000,  -14.6250,   29.2500,  9.369176,    46, 10000,    33,    20,
   29.5000,    0.0000,  -15.7500,   31.5000,  9.528563,    46, 10000,    32,    18,
   31.0000,    0.0000,  -16.8750,   33.7500, 10.032632,    46, 10000,    31,    16,
   32.5000,    0.0000,  -18.0000,   36.0000, 10.026423,    46, 10000,    30,    14,
   34.0000,    0.0000,  -19.1250,   38.2500,  9.449761,    46, 10000,    29,    12,
   35.5000,    0.0000,  -20.2500,   40.5000, 10.404356,    46, 10000,    28,    10,
   37.0000,    0.0000,  -21.3750,   42.7500, 11.902277,    46, 10000,    27,     8,
   38.5000,    0.0000,  -22.5000,   45.0000, 11.874705,    46, 10000,    26,     6,
   40.0000,    0.0000,  -23.6250,   47.2500, 12.859263,    46, 10000,    25,     4,
   41.5000,    0.0000,  -24.7500,   49.5000, 13.451392,    46, 10000,    24,     2,
    8.5000,    0.0000,   -1.1250,    2.2500,182.016113,    47, 10000,    46,    45,
   10.0000,    0.0000,   -2.2500,    4.5000, 50.275311,    47, 10000,    45,    43,
   11.5000,    0.0000,   -3.3750,    6.7500, 13.492376,    47, 10000,    44,    41,
   13.0000,    0.0000,   -4.5000,    9.0000,  7.413008,    47, 10000,    43,    39,
   14.5000,    0.0000,   -5.6250,   11.2500, 10.522081,    47, 10000,    42,    37,
   16.0000,    0.0000,   -6.7500,   13.5000,  7.816881,    47, 10000,    41,    35,
   17.5000,    0.0000,   -7.8750,   15.7500,  8.045519,    47, 10000,    40,    33,
   19.0000,    0.0000,   -9.0000,   18.0000,  7.908451,    47, 10000,    39,    31,
   20.5000,    0.0000,  -10.1250,   20.2500,  9.091789,    47, 10000,    38,    29,
   22.0000,    0.0000,  -11.2500,   22.5000,  1.606498,    47, 10000,    37,    27,
   23.5000,    0.0000,  -12.3750,   24.7500,  5.851461,    47, 10000,    36,    25,
   25.0000,    0.0000,  -13.5000,   27.0000,  8.638003,    47, 10000,    35,    23,
   26.5000,    0.0000,  -14.6250,   29.2500,  9.252774,    47, 10000,    34,    21,
   28.0000,    0.0000,  -15.7500,   31.5000,  9.713986,    47, 10000,    33,    19,
   29.5000,    0.0000,  -16.8750,   33.7500,  9.958570,    47, 10000,    32,    17,
   31.0000,    0.0000,  -18.0000,   36.0000, 10.281185,    47, 10000,    31,    15,
   32.5000,    0.0000,  -19.1250,   38.2500, 10.283224,    47, 10000,    30,    13,
   34.0000,    0.0000,  -20.2500,   40.5000, 10.039904,    47, 10000,    29,    11,
   35.5000,    0.0000,  -21.3750,   42.7500, 10.755971,    47, 10000,    28,     9,
   37.0000,    0.0000,  -22.5000,   45.0000, 11.986843,    47, 10000,    27,     7,
   38.5000,    0.0000,  -23.6250,   47.2500, 12.274829,    47, 10000,    26,     5,
   40.0000,    0.0000,  -24.7500,   49.5000, 12.755931,    47, 10000,    25,     3,
   41.5000,    0.0000,  -25.8750,   51.7500, 13.420511,    47, 10000,    24,     1,
    7.0000,    0.0000,   -1.1250,    2.2500, 80.470467,    48, 10000,    47,    46,
    8.5000,    0.0000,   -2.2500,    4.5000, 61.369736,    48, 10000,    46,    44,
   10.0000,    0.0000,   -3.3750,    6.7500, 19.690729,    48, 10000,    45,    42,
   11.5000,    0.0000,   -4.5000,    9.0000,  9.531228,    48, 10000,    44,    40,
   13.0000,    0.0000,   -5.6250,   11.2500,  7.590345,    48, 10000,    43,    38,
   14.5000,    0.0000,   -6.7500,   13.5000,  9.459896,    48, 10000,    42,    36,
   16.0000,    0.0000,   -7.8750,   15.7500,  8.369985,    48, 10000,    41,    34,
   17.5000,    0.0000,   -9.0000,   18.0000,  9.123448,    48, 10000,    40,    32,
   19.0000,    0.0000,  -10.1250,   20.2500,  9.226324,    48, 10000,    39,    30,
   20.5000,    0.0000,  -11.2500,   22.5000, 10.152216,    48, 10000,    38,    28,
   22.0000,    0.0000,  -12.3750,   24.7500,  1.849591,    48, 10000,    37,    26,
   23.5000,    0.0000,  -13.5000,   27.0000,  6.102883,    48, 10000,    36,    24,
   25.0000,    0.0000,  -14.6250,   29.2500,  9.919921,    48, 10000,    35,    22,
   26.5000,    0.0000,  -15.7500,   31.5000, 10.325683,    48, 10000,    34,    20,
   28.0000,    0.0000,  -16.8750,   33.7500, 10.706586,    48, 10000,    33,    18,
   29.5000,    0.0000,  -18.0000,   36.0000, 11.033851,    48, 10000,    32,    16,
   31.0000,    0.0000,  -19.1250,   38.2500, 11.354814,    48, 10000,    31,    14,
   32.5000,    0.0000,  -20.2500,   40.5000, 11.349115,    48, 10000,    30,    12,
   34.0000,    0.0000,  -21.3750,   42.7500, 10.722240,    48, 10000,    29,    10,
   35.5000,    0.0000,  -22.5000,   45.0000, 11.675472,    48, 10000,    28,     8,
   37.0000,    0.0000,  -23.6250,   47.2500, 13.174295,    48, 10000,    27,     6,
   38.5000,    0.0000,  -24.7500,   49.5000, 13.213176,    48, 10000,    26,     4,
   40.0000,    0.0000,  -25.8750,   51.7500, 13.897138,    48, 10000,    25,     2,
   74.5000,    0.0000,   -1.1250,    2.2500, 14.987404,     1, 10000,     2,     3,
   73.0000,    0.0000,   -2.2500,    4.5000,  8.962537,     1, 10000,     3,     5,
   71.5000,    0.0000,   -3.3750,    6.7500, 10.828983,     1, 10000,     4,     7,
   70.0000,    0.0000,   -4.5000,    9.0000, 12.999557,     1, 10000,     5,     9,
   68.5000,    0.0000,   -5.6250,   11.2500, 13.311427,     1, 10000,     6,    11,
   67.0000,    0.0000,   -6.7500,   13.5000, 15.374699,     1, 10000,     7,    13,
   65.5000,    0.0000,   -7.8750,   15.7500, 15.904422,     1, 10000,     8,    15,
   64.0000,    0.0000,   -9.0000,   18.0000, 17.021681,     1, 10000,     9,    17,
   62.5000,    0.0000,  -10.1250,   20.2500, 15.838935,     1, 10000,    10,    19,
   61.0000,    0.0000,  -11.2500,   22.5000, 16.348509,     1, 10000,    11,    21,
   59.5000,    0.0000,  -12.3750,   24.7500, 12.270494,     1, 10000,    12,    23,
   58.0000,    0.0000,  -13.5000,   27.0000, 11.733335,     1, 10000,    13,    25,
   56.5000,    0.0000,  -14.6250,   29.2500, 10.171089,     1, 10000,    14,    27,
   55.0000,    0.0000,  -15.7500,   31.5000, 12.819232,     1, 10000,    15,    29,
   53.5000,    0.0000,  -16.8750,   33.7500, 10.527668,     1, 10000,    16,    31,
   52.0000,    0.0000,  -18.0000,   36.0000,  8.765015,     1, 10000,    17,    33,
   50.5000,    0.0000,  -19.1250,   38.2500,  9.991582,     1, 10000,    18,    35,
   49.0000,    0.0000,  -20.2500,   40.5000, 13.328540,     1, 10000,    19,    37,
   47.5000,    0.0000,  -21.3750,   42.7500, 10.548202,     1, 10000,    20,    39,
   46.0000,    0.0000,  -22.5000,   45.0000,  9.653324,     1, 10000,    21,    41,
   44.5000,    0.0000,  -23.6250,   47.2500, 10.842269,     1, 10000,    22,    43,
   43.0000,    0.0000,  -24.7500,   49.5000, 12.490860,     1, 10000,    23,    45,
   41.5000,    0.0000,  -25.8750,   51.7500, 13.550197,     1, 10000,    24,    47,
   73.0000,    0.0000,   -1.1250,    2.2500, 10.291435,     2, 10000,     3,     4,
   71.5000,    0.0000,   -2.2500,    4.5000,  9.317997,     2, 10000,     4,     6,
   70.0000,    0.0000,   -3.3750,    6.7500, 11.337502,     2, 10000,     5,     8,
   68.5000,    0.0000,   -4.5000,    9.0000, 11.794812,     2, 10000,     6,    10,
   67.0000,    0.0000,   -5.6250,   11.2500, 14.558688,     2, 10000,     7,    12,
   65.5000,    0.0000,   -6.7500,   13.5000, 15.724524,     2, 10000,     8,    14,
   64.0000,    0.0000,   -7.8750,   15.7500, 15.697215,     2, 10000,     9,    16,
   62.5000,    0.0000,   -9.0000,   18.0000, 15.478345,     2, 10000,    10,    18,
   61.0000,    0.0000,  -10.1250,   20.2500, 15.078362,     2, 10000,    11,    20,
   59.5000,    0.0000,  -11.2500,   22.5000, 12.215163,     2, 10000,    12,    22,
   58.0000,    0.0000,  -12.3750,   24.7500, 11.831189,     2, 10000,    13,    24,
   56.5000,    0.0000,  -13.5000,   27.0000, 10.618600,     2, 10000,    14,    26,
   55.0000,    0.0000,  -14.6250,   29.2500, 11.847145,     2, 10000,    15,    28,
   53.5000,    0.0000,  -15.7500,   31.5000, 10.744701,     2, 10000,    16,    30,
   52.0000,    0.0000,  -16.8750,   33.7500,  8.731623,     2, 10000,    17,    32,
   50.5000,    0.0000,  -18.0000,   36.0000,  9.714631,     2, 10000,    18,    34,
   49.0000,    0.0000,  -19.1250,   38.2500, 11.363014,     2, 10000,    19,    36,
   47.5000,    0.0000,  -20.2500,   40.5000, 10.273423,     2, 10000,    20,    38,
   46.0000,    0.0000,  -21.3750,   42.7500,  8.977528,     2, 10000,    21,    40,
   44.5000,    0.0000,  -22.5000,   45.0000, 10.344624,     2, 10000,    22,    42,
   43.0000,    0.0000,  -23.6250,   47.2500, 11.501337,     2, 10000,    23,    44,
   41.5000,    0.0000,  -24.7500,   49.5000, 13.308202,     2, 10000,    24,    46,
   40.0000,    0.0000,  -25.8750,   51.7500, 13.876175,     2, 10000,    25,    48,
   71.5000,    0.0000,   -1.1250,    2.2500,  9.179229,     3, 10000,     4,     5,
   70.0000,    0.0000,   -2.2500,    4.5000, 11.252596,     3, 10000,     5,     7,
   68.5000,    0.0000,   -3.3750,    6.7500, 11.225947,     3, 10000,     6,     9,
   67.0000,    0.0000,   -4.5000,    9.0000, 13.002229,     3, 10000,     7,    11,
   65.5000,    0.0000,   -5.6250,   11.2500, 15.765685,     3, 10000,     8,    13,
   64.0000,    0.0000,   -6.7500,   13.5000, 16.045023,     3, 10000,     9,    15,
   62.5000,    0.0000,   -7.8750,   15.7500, 16.963055,     3, 10000,    10,    17,
   61.0000,    0.0000,   -9.0000,   18.0000, 15.947000,     3, 10000,    11,    19,
   59.5000,    0.0000,  -10.1250,   20.2500, 13.457745,     3, 10000,    12,    21,
   58.0000,    0.0000,  -11.2500,   22.5000, 12.968953,     3, 10000,    13,    23,
   56.5000,    0.0000,  -12.3750,   24.7500, 10.599343,     3, 10000,    14,    25,
   55.0000,    0.0000,  -13.5000,   27.0000, 11.743288,     3, 10000,    15,    27,
   53.5000,    0.0000,  -14.6250,   29.2500, 12.676911,     3, 10000,    16,    29,
   52.0000,    0.0000,  -15.7500,   31.5000,  9.213668,     3, 10000,    17,    31,
   50.5000,    0.0000,  -16.8750,   33.7500, 10.084206,     3, 10000,    18,    33,
   49.0000,    0.0000,  -18.0000,   36.0000, 10.563561,     3, 10000,    19,    35,
   47.5000,    0.0000,  -19.1250,   38.2500, 14.286547,     3, 10000,    20,    37,
   46.0000,    0.0000,  -20.2500,   40.5000,  8.785732,     3, 10000,    21,    39,
   44.5000,    0.0000,  -21.3750,   42.7500, 10.880084,     3, 10000,    22,    41,
   43.0000,    0.0000,  -22.5000,   45.0000, 11.465793,     3, 10000,    23,    43,
   41.5000,    0.0000,  -23.6250,   47.2500, 14.380712,     3, 10000,    24,    45,
   40.0000,    0.0000,  -24.7500,   49.5000, 15.492845,     3, 10000,    25,    47,
   70.0000,    0.0000,   -1.1250,    2.2500, 13.478818,     4, 10000,     5,     6,
   68.5000,    0.0000,   -2.2500,    4.5000, 10.935977,     4, 10000,     6,     8,
   67.0000,    0.0000,   -3.3750,    6.7500, 12.703861,     4, 10000,     7,    10,
   65.5000,    0.0000,   -4.5000,    9.0000, 16.333277,     4, 10000,     8,    12,
   64.0000,    0.0000,   -5.6250,   11.2500, 17.289919,     4, 10000,     9,    14,
   62.5000,    0.0000,   -6.7500,   13.5000, 16.763580,     4, 10000,    10,    16,
   61.0000,    0.0000,   -7.8750,   15.7500, 16.950987,     4, 10000,    11,    18,
   59.5000,    0.0000,   -9.0000,   18.0000, 12.978018,     4, 10000,    12,    20,
   58.0000,    0.0000,  -10.1250,   20.2500, 14.008539,     4, 10000,    13,    22,
   56.5000,    0.0000,  -11.2500,   22.5000, 11.583023,     4, 10000,    14,    24,
   55.0000,    0.0000,  -12.3750,   24.7500, 13.192426,     4, 10000,    15,    26,
   53.5000,    0.0000,  -13.5000,   27.0000, 12.452065,     4, 10000,    16,    28,
   52.0000,    0.0000,  -14.6250,   29.2500, 10.203871,     4, 10000,    17,    30,
   50.5000,    0.0000,  -15.7500,   31.5000, 10.670990,     4, 10000,    18,    32,
   49.0000,    0.0000,  -16.8750,   33.7500, 10.950673,     4, 10000,    19,    34,
   47.5000,    0.0000,  -18.0000,   36.0000, 12.803596,     4, 10000,    20,    36,
   46.0000,    0.0000,  -19.1250,   38.2500,  8.944626,     4, 10000,    21,    38,
   44.5000,    0.0000,  -20.2500,   40.5000, 10.736903,     4, 10000,    22,    40,
   43.0000,    0.0000,  -21.3750,   42.7500, 12.080765,     4, 10000,    23,    42,
   41.5000,    0.0000,  -22.5000,   45.0000, 13.952161,     4, 10000,    24,    44,
   40.0000,    0.0000,  -23.6250,   47.2500, 16.764269,     4, 10000,    25,    46,
   38.5000,    0.0000,  -24.7500,   49.5000, 15.033098,     4, 10000,    26,    48,
   68.5000,    0.0000,   -1.1250,    2.2500, 11.332108,     5, 10000,     6,     7,
   67.0000,    0.0000,   -2.2500,    4.5000, 11.750517,     5, 10000,     7,     9,
   65.5000,    0.0000,   -3.3750,    6.7500, 14.011997,     5, 10000,     8,    11,
   64.0000,    0.0000,   -4.5000,    9.0000, 16.402603,     5, 10000,     9,    13,
   62.5000,    0.0000,   -5.6250,   11.2500, 16.342072,     5, 10000,    10,    15,
   61.0000,    0.0000,   -6.7500,   13.5000, 17.988041,     5, 10000,    11,    17,
   59.5000,    0.0000,   -7.8750,   15.7500, 13.093563,     5, 10000,    12,    19,
   58.0000,    0.0000,   -9.0000,   18.0000, 15.047686,     5, 10000,    13,    21,
   56.5000,    0.0000,  -10.1250,   20.2500, 12.528917,     5, 10000,    14,    23,
   55.0000,    0.0000,  -11.2500,   22.5000, 12.958658,     5, 10000,    15,    25,
   53.5000,    0.0000,  -12.3750,   24.7500, 11.792767,     5, 10000,    16,    27,
   52.0000,    0.0000,  -13.5000,   27.0000, 12.096142,     5, 10000,    17,    29,
   50.5000,    0.0000,  -14.6250,   29.2500, 11.286370,     5, 10000,    18,    31,
   49.0000,    0.0000,  -15.7500,   31.5000, 11.292277,     5, 10000,    19,    33,
   47.5000,    0.0000,  -16.8750,   33.7500, 11.178175,     5, 10000,    20,    35,
   46.0000,    0.0000,  -18.0000,   36.0000, 13.893941,     5, 10000,    21,    37,
   44.5000,    0.0000,  -19.1250,   38.2500, 10.559770,     5, 10000,    22,    39,
   43.0000,    0.0000,  -20.2500,   40.5000, 13.051438,     5, 10000,    23,    41,
   41.5000,    0.0000,  -21.3750,   42.7500, 14.605884,     5, 10000,    24,    43,
   40.0000,    0.0000,  -22.5000,   45.0000, 18.177002,     5, 10000,    25,    45,
   38.5000,    0.0000,  -23.6250,   47.2500, 16.762135,     5, 10000,    26,    47,
   67.0000,    0.0000,   -1.1250,    2.2500, 13.271544,     6, 10000,     7,     8,
   65.5000,    0.0000,   -2.2500,    4.5000, 14.370267,     6, 10000,     8,    10,
   64.0000,    0.0000,   -3.3750,    6.7500, 16.254601,     6, 10000,     9,    12,
   62.5000,    0.0000,   -4.5000,    9.0000, 16.759045,     6, 10000,    10,    14,
   61.0000,    0.0000,   -5.6250,   11.2500, 16.878927,     6, 10000,    11,    16,
   59.5000,    0.0000,   -6.7500,   13.5000, 13.266412,     6, 10000,    12,    18,
   58.0000,    0.0000,   -7.8750,   15.7500, 13.810459,     6, 10000,    13,    20,
   56.5000,    0.0000,   -9.0000,   18.0000, 13.039888,     6, 10000,    14,    22,
   55.0000,    0.0000,  -10.1250,   20.2500, 13.732045,     6, 10000,    15,    24,
   53.5000,    0.0000,  -11.2500,   22.5000, 12.941187,     6, 10000,    16,    26,
   52.0000,    0.0000,  -12.3750,   24.7500, 11.117462,     6, 10000,    17,    28,
   50.5000,    0.0000,  -13.5000,   27.0000, 12.094642,     6, 10000,    18,    30,
   49.0000,    0.0000,  -14.6250,   29.2500, 11.667443,     6, 10000,    19,    32,
   47.5000,    0.0000,  -15.7500,   31.5000, 11.213082,     6, 10000,    20,    34,
   46.0000,    0.0000,  -16.8750,   33.7500, 10.923279,     6, 10000,    21,    36,
   44.5000,    0.0000,  -18.0000,   36.0000, 10.444180,     6, 10000,    22,    38,
   43.0000,    0.0000,  -19.1250,   38.2500, 12.025020,     6, 10000,    23,    40,
   41.5000,    0.0000,  -20.2500,   40.5000, 13.949623,     6, 10000,    24,    42,
   40.0000,    0.0000,  -21.3750,   42.7500, 15.966425,     6, 10000,    25,    44,
   38.5000,    0.0000,  -22.5000,   45.0000, 16.426920,     6, 10000,    26,    46,
   37.0000,    0.0000,  -23.6250,   47.2500, 18.161451,     6, 10000,    27,    48,
   65.5000,    0.0000,   -1.1250,    2.2500, 16.678459,     7, 10000,     8,     9,
   64.0000,    0.0000,   -2.2500,    4.5000, 13.551173,     7, 10000,     9,    11,
   62.5000,    0.0000,   -3.3750,    6.7500, 14.942472,     7, 10000,    10,    13,
   61.0000,    0.0000,   -4.5000,    9.0000, 15.761088,     7, 10000,    11,    15,
   59.5000,    0.0000,   -5.6250,   11.2500, 13.508036,     7, 10000,    12,    17,
   58.0000,    0.0000,   -6.7500,   13.5000, 13.413643,     7, 10000,    13,    19,
   56.5000,    0.0000,   -7.8750,   15.7500, 13.608539,     7, 10000,    14,    21,
   55.0000,    0.0000,   -9.0000,   18.0000, 14.443781,     7, 10000,    15,    23,
   53.5000,    0.0000,  -10.1250,   20.2500, 12.240022,     7, 10000,    16,    25,
   52.0000,    0.0000,  -11.2500,   22.5000,  9.928218,     7, 10000,    17,    27,
   50.5000,    0.0000,  -12.3750,   24.7500, 14.024554,     7, 10000,    18,    29,
   49.0000,    0.0000,  -13.5000,   27.0000, 12.182027,     7, 10000,    19,    31,
   47.5000,    0.0000,  -14.6250,   29.2500, 11.284717,     7, 10000,    20,    33,
   46.0000,    0.0000,  -15.7500,   31.5000,  8.513506,     7, 10000,    21,    35,
   44.5000,    0.0000,  -16.8750,   33.7500, 16.073338,     7, 10000,    22,    37,
   43.0000,    0.0000,  -18.0000,   36.0000, 11.637868,     7, 10000,    23,    39,
   41.5000,    0.0000,  -19.1250,   38.2500, 14.684011,     7, 10000,    24,    41,
   40.0000,    0.0000,  -20.2500,   40.5000, 15.797002,     7, 10000,    25,    43,
   38.5000,    0.0000,  -21.3750,   42.7500, 17.383066,     7, 10000,    26,    45,
   37.0000,    0.0000,  -22.5000,   45.0000, 19.571131,     7, 10000,    27,    47,
   64.0000,    0.0000,   -1.1250,    2.2500, 12.347178,     8, 10000,     9,    10,
   62.5000,    0.0000,   -2.2500,    4.5000, 13.075256,     8, 10000,    10,    12,
   61.0000,    0.0000,   -3.3750,    6.7500, 14.893778,     8, 10000,    11,    14,
   59.5000,    0.0000,   -4.5000,    9.0000, 11.177142,     8, 10000,    12,    16,
   58.0000,    0.0000,   -5.6250,   11.2500, 12.720168,     8, 10000,    13,    18,
   56.5000,    0.0000,   -6.7500,   13.5000, 11.418085,     8, 10000,    14,    20,
   55.0000,    0.0000,   -7.8750,   15.7500, 14.330138,     8, 10000,    15,    22,
   53.5000,    0.0000,   -9.0000,   18.0000, 12.463821,     8, 10000,    16,    24,
   52.0000,    0.0000,  -10.1250,   20.2500, 10.740285,     8, 10000,    17,    26,
   50.5000,    0.0000,  -11.2500,   22.5000, 12.476422,     8, 10000,    18,    28,
   49.0000,    0.0000,  -12.3750,   24.7500, 12.790765,     8, 10000,    19,    30,
   47.5000,    0.0000,  -13.5000,   27.0000, 11.396691,     8, 10000,    20,    32,
   46.0000,    0.0000,  -14.6250,   29.2500,  8.268155,     8, 10000,    21,    34,
   44.5000,    0.0000,  -15.7500,   31.5000, 12.419341,     8, 10000,    22,    36,
   43.0000,    0.0000,  -16.8750,   33.7500, 11.477077,     8, 10000,    23,    38,
   41.5000,    0.0000,  -18.0000,   36.0000, 13.736397,     8, 10000,    24,    40,
   40.0000,    0.0000,  -19.1250,   38.2500, 15.840079,     8, 10000,    25,    42,
   38.5000,    0.0000,  -20.2500,   40.5000, 14.925689,     8, 10000,    26,    44,
   37.0000,    0.0000,  -21.3750,   42.7500, 19.648886,     8, 10000,    27,    46,
   35.5000,    0.0000,  -22.5000,   45.0000, 16.397255,     8, 10000,    28,    48,
   62.5000,    0.0000,   -1.1250,    2.2500, 11.572001,     9, 10000,    10,    11,
   61.0000,    0.0000,   -2.2500,    4.5000, 14.224314,     9, 10000,    11,    13,
   59.5000,    0.0000,   -3.3750,    6.7500, 10.201637,     9, 10000,    12,    15,
   58.0000,    0.0000,   -4.5000,    9.0000, 13.153585,     9, 10000,    13,    17,
   56.5000,    0.0000,   -5.6250,   11.2500, 11.085718,     9, 10000,    14,    19,
   55.0000,    0.0000,   -6.7500,   13.5000, 15.228448,     9, 10000,    15,    21,
   53.5000,    0.0000,   -7.8750,   15.7500, 13.516371,     9, 10000,    16,    23,
   52.0000,    0.0000,   -9.0000,   18.0000, 10.235580,     9, 10000,    17,    25,
   50.5000,    0.0000,  -10.1250,   20.2500, 11.532921,     9, 10000,    18,    27,
   49.0000,    0.0000,  -11.2500,   22.5000, 15.313095,     9, 10000,    19,    29,
   47.5000,    0.0000,  -12.3750,   24.7500, 12.347843,     9, 10000,    20,    31,
   46.0000,    0.0000,  -13.5000,   27.0000,  8.629910,     9, 10000,    21,    33,
   44.5000,    0.0000,  -14.6250,   29.2500, 10.308359,     9, 10000,    22,    35,
   43.0000,    0.0000,  -15.7500,   31.5000, 17.764132,     9, 10000,    23,    37,
   41.5000,    0.0000,  -16.8750,   33.7500, 14.012442,     9, 10000,    24,    39,
   40.0000,    0.0000,  -18.0000,   36.0000, 17.273638,     9, 10000,    25,    41,
   38.5000,    0.0000,  -19.1250,   38.2500, 15.611765,     9, 10000,    26,    43,
   37.0000,    0.0000,  -20.2500,   40.5000, 21.347803,     9, 10000,    27,    45,
   35.5000,    0.0000,  -21.3750,   42.7500, 18.667189,     9, 10000,    28,    47,
   61.0000,    0.0000,   -1.1250,    2.2500, 17.712759,    10, 10000,    11,    12,
   59.5000,    0.0000,   -2.2500,    4.5000, 10.653351,    10, 10000,    12,    14,
   58.0000,    0.0000,   -3.3750,    6.7500, 11.385459,    10, 10000,    13,    16,
   56.5000,    0.0000,   -4.5000,    9.0000, 10.805263,    10, 10000,    14,    18,
   55.0000,    0.0000,   -5.6250,   11.2500, 13.208419,    10, 10000,    15,    20,
   53.5000,    0.0000,   -6.7500,   13.5000, 13.798738,    10, 10000,    16,    22,
   52.0000,    0.0000,   -7.8750,   15.7500, 10.754189,    10, 10000,    17,    24,
   50.5000,    0.0000,   -9.0000,   18.0000, 12.671292,    10, 10000,    18,    26,
   49.0000,    0.0000,  -10.1250,   20.2500, 14.048019,    10, 10000,    19,    28,
   47.5000,    0.0000,  -11.2500,   22.5000, 13.242643,    10, 10000,    20,    30,
   46.0000,    0.0000,  -12.3750,   24.7500,  8.577157,    10, 10000,    21,    32,
   44.5000,    0.0000,  -13.5000,   27.0000,  9.959047,    10, 10000,    22,    34,
   43.0000,    0.0000,  -14.6250,   29.2500, 14.356583,    10, 10000,    23,    36,
   41.5000,    0.0000,  -15.7500,   31.5000, 13.762216,    10, 10000,    24,    38,
   40.0000,    0.0000,  -16.8750,   33.7500, 16.318142,    10, 10000,    25,    40,
   38.5000,    0.0000,  -18.0000,   36.0000, 15.063877,    10, 10000,    26,    42,
   37.0000,    0.0000,  -19.1250,   38.2500, 18.620892,    10, 10000,    27,    44,
   35.5000,    0.0000,  -20.2500,   40.5000, 18.267918,    10, 10000,    28,    46,
   34.0000,    0.0000,  -21.3750,   42.7500, 14.417787,    10, 10000,    29,    48,
   59.5000,    0.0000,   -1.1250,    2.2500,  9.135509,    11, 10000,    12,    13,
   58.0000,    0.0000,   -2.2500,    4.5000,  9.552652,    11, 10000,    13,    15,
   56.5000,    0.0000,   -3.3750,    6.7500,  9.996042,    11, 10000,    14,    17,
   55.0000,    0.0000,   -4.5000,    9.0000, 11.596242,    11, 10000,    15,    19,
   53.5000,    0.0000,   -5.6250,   11.2500, 13.510530,    11, 10000,    16,    21,
   52.0000,    0.0000,   -6.7500,   13.5000, 10.927471,    11, 10000,    17,    23,
   50.5000,    0.0000,   -7.8750,   15.7500, 11.133850,    11, 10000,    18,    25,
   49.0000,    0.0000,   -9.0000,   18.0000, 12.047593,    11, 10000,    19,    27,
   47.5000,    0.0000,  -10.1250,   20.2500, 15.023984,    11, 10000,    20,    29,
   46.0000,    0.0000,  -11.2500,   22.5000,  8.757159,    11, 10000,    21,    31,
   44.5000,    0.0000,  -12.3750,   24.7500,  9.657698,    11, 10000,    22,    33,
   43.0000,    0.0000,  -13.5000,   27.0000, 10.953942,    11, 10000,    23,    35,
   41.5000,    0.0000,  -14.6250,   29.2500, 20.303604,    11, 10000,    24,    37,
   40.0000,    0.0000,  -15.7500,   31.5000, 15.546205,    11, 10000,    25,    39,
   38.5000,    0.0000,  -16.8750,   33.7500, 15.485494,    11, 10000,    26,    41,
   37.0000,    0.0000,  -18.0000,   36.0000, 18.556086,    11, 10000,    27,    43,
   35.5000,    0.0000,  -19.1250,   38.2500, 18.820978,    11, 10000,    28,    45,
   34.0000,    0.0000,  -20.2500,   40.5000, 15.444811,    11, 10000,    29,    47,
   58.0000,    0.0000,   -1.1250,    2.2500, 20.643410,    12, 10000,    13,    14,
   56.5000,    0.0000,   -2.2500,    4.5000,  8.762699,    12, 10000,    14,    16,
   55.0000,    0.0000,   -3.3750,    6.7500, 10.657591,    12, 10000,    15,    18,
   53.5000,    0.0000,   -4.5000,    9.0000, 10.350214,    12, 10000,    16,    20,
   52.0000,    0.0000,   -5.6250,   11.2500, 10.292709,    12, 10000,    17,    22,
   50.5000,    0.0000,   -6.7500,   13.5000, 10.761537,    12, 10000,    18,    24,
   49.0000,    0.0000,   -7.8750,   15.7500, 12.326043,    12, 10000,    19,    26,
   47.5000,    0.0000,   -9.0000,   18.0000, 12.337708,    12, 10000,    20,    28,
   46.0000,    0.0000,  -10.1250,   20.2500,  8.880648,    12, 10000,    21,    30,
   44.5000,    0.0000,  -11.2500,   22.5000,  9.231648,    12, 10000,    22,    32,
   43.0000,    0.0000,  -12.3750,   24.7500, 10.062902,    12, 10000,    23,    34,
   41.5000,    0.0000,  -13.5000,   27.0000, 14.594230,    12, 10000,    24,    36,
   40.0000,    0.0000,  -14.6250,   29.2500, 14.133567,    12, 10000,    25,    38,
   38.5000,    0.0000,  -15.7500,   31.5000, 13.274035,    12, 10000,    26,    40,
   37.0000,    0.0000,  -16.8750,   33.7500, 16.457140,    12, 10000,    27,    42,
   35.5000,    0.0000,  -18.0000,   36.0000, 14.200554,    12, 10000,    28,    44,
   34.0000,    0.0000,  -19.1250,   38.2500, 13.628549,    12, 10000,    29,    46,
   32.5000,    0.0000,  -20.2500,   40.5000, 17.165842,    12, 10000,    30,    48,
   56.5000,    0.0000,   -1.1250,    2.2500, 10.860894,    13, 10000,    14,    15,
   55.0000,    0.0000,   -2.2500,    4.5000, 10.930013,    13, 10000,    15,    17,
   53.5000,    0.0000,   -3.3750,    6.7500,  9.280524,    13, 10000,    16,    19,
   52.0000,    0.0000,   -4.5000,    9.0000, 10.577447,    13, 10000,    17,    21,
   50.5000,    0.0000,   -5.6250,   11.2500, 11.211393,    13, 10000,    18,    23,
   49.0000,    0.0000,   -6.7500,   13.5000, 11.437153,    13, 10000,    19,    25,
   47.5000,    0.0000,   -7.8750,   15.7500, 10.907458,    13, 10000,    20,    27,
   46.0000,    0.0000,   -9.0000,   18.0000, 10.961691,    13, 10000,    21,    29,
   44.5000,    0.0000,  -10.1250,   20.2500,  9.673225,    13, 10000,    22,    31,
   43.0000,    0.0000,  -11.2500,   22.5000, 10.039040,    13, 10000,    23,    33,
   41.5000,    0.0000,  -12.3750,   24.7500, 12.027848,    13, 10000,    24,    35,
   40.0000,    0.0000,  -13.5000,   27.0000, 21.215498,    13, 10000,    25,    37,
   38.5000,    0.0000,  -14.6250,   29.2500, 13.060605,    13, 10000,    26,    39,
   37.0000,    0.0000,  -15.7500,   31.5000, 17.595781,    13, 10000,    27,    41,
   35.5000,    0.0000,  -16.8750,   33.7500, 14.682350,    13, 10000,    28,    43,
   34.0000,    0.0000,  -18.0000,   36.0000, 14.751716,    13, 10000,    29,    45,
   32.5000,    0.0000,  -19.1250,   38.2500, 18.839722,    13, 10000,    30,    47,
   55.0000,    0.0000,   -1.1250,    2.2500, 19.934801,    14, 10000,    15,    16,
   53.5000,    0.0000,   -2.2500,    4.5000,  8.742518,    14, 10000,    16,    18,
   52.0000,    0.0000,   -3.3750,    6.7500,  6.992593,    14, 10000,    17,    20,
   50.5000,    0.0000,   -4.5000,    9.0000,  8.908465,    14, 10000,    18,    22,
   49.0000,    0.0000,   -5.6250,   11.2500,  9.694551,    14, 10000,    19,    24,
   47.5000,    0.0000,   -6.7500,   13.5000,  9.758185,    14, 10000,    20,    26,
   46.0000,    0.0000,   -7.8750,   15.7500,  7.480141,    14, 10000,    21,    28,
   44.5000,    0.0000,   -9.0000,   18.0000,  8.571638,    14, 10000,    22,    30,
   43.0000,    0.0000,  -10.1250,   20.2500,  8.555805,    14, 10000,    23,    32,
   41.5000,    0.0000,  -11.2500,   22.5000,  9.913847,    14, 10000,    24,    34,
   40.0000,    0.0000,  -12.3750,   24.7500, 13.364902,    14, 10000,    25,    36,
   38.5000,    0.0000,  -13.5000,   27.0000, 10.824259,    14, 10000,    26,    38,
   37.0000,    0.0000,  -14.6250,   29.2500, 13.682662,    14, 10000,    27,    40,
   35.5000,    0.0000,  -15.7500,   31.5000, 12.105183,    14, 10000,    28,    42,
   34.0000,    0.0000,  -16.8750,   33.7500, 10.325624,    14, 10000,    29,    44,
   32.5000,    0.0000,  -18.0000,   36.0000, 15.007694,    14, 10000,    30,    46,
   31.0000,    0.0000,  -19.1250,   38.2500, 16.086349,    14, 10000,    31,    48,
   53.5000,    0.0000,   -1.1250,    2.2500, 20.764929,    15, 10000,    16,    17,
   52.0000,    0.0000,   -2.2500,    4.5000, 10.026732,    15, 10000,    17,    19,
   50.5000,    0.0000,   -3.3750,    6.7500, 11.252408,    15, 10000,    18,    21,
   49.0000,    0.0000,   -4.5000,    9.0000, 12.547707,    15, 10000,    19,    23,
   47.5000,    0.0000,   -5.6250,   11.2500, 10.790017,    15, 10000,    20,    25,
   46.0000,    0.0000,   -6.7500,   13.5000,  7.094490,    15, 10000,    21,    27,
   44.5000,    0.0000,   -7.8750,   15.7500, 12.700103,    15, 10000,    22,    29,
   43.0000,    0.0000,   -9.0000,   18.0000, 10.705109,    15, 10000,    23,    31,
   41.5000,    0.0000,  -10.1250,   20.2500, 12.051196,    15, 10000,    24,    33,
   40.0000,    0.0000,  -11.2500,   22.5000, 14.205613,    15, 10000,    25,    35,
   38.5000,    0.0000,  -12.3750,   24.7500, 20.963263,    15, 10000,    26,    37,
   37.0000,    0.0000,  -13.5000,   27.0000, 17.048319,    15, 10000,    27,    39,
   35.5000,    0.0000,  -14.6250,   29.2500, 15.788228,    15, 10000,    28,    41,
   34.0000,    0.0000,  -15.7500,   31.5000, 13.471977,    15, 10000,    29,    43,
   32.5000,    0.0000,  -16.8750,   33.7500, 21.218126,    15, 10000,    30,    45,
   31.0000,    0.0000,  -18.0000,   36.0000, 23.261524,    15, 10000,    31,    47,
   52.0000,    0.0000,   -1.1250,    2.2500, 46.362041,    16, 10000,    17,    18,
   50.5000,    0.0000,   -2.2500,    4.5000, 11.345098,    16, 10000,    18,    20,
   49.0000,    0.0000,   -3.3750,    6.7500, 13.580012,    16, 10000,    19,    22,
   47.5000,    0.0000,   -4.5000,    9.0000, 10.938648,    16, 10000,    20,    24,
   46.0000,    0.0000,   -5.6250,   11.2500,  7.896453,    16, 10000,    21,    26,
   44.5000,    0.0000,   -6.7500,   13.5000, 10.192225,    16, 10000,    22,    28,
   43.0000,    0.0000,   -7.8750,   15.7500, 11.152565,    16, 10000,    23,    30,
   41.5000,    0.0000,   -9.0000,   18.0000, 11.918805,    16, 10000,    24,    32,
   40.0000,    0.0000,  -10.1250,   20.2500, 13.633445,    16, 10000,    25,    34,
   38.5000,    0.0000,  -11.2500,   22.5000, 15.618876,    16, 10000,    26,    36,
   37.0000,    0.0000,  -12.3750,   24.7500, 16.564312,    16, 10000,    27,    38,
   35.5000,    0.0000,  -13.5000,   27.0000, 14.433981,    16, 10000,    28,    40,
   34.0000,    0.0000,  -14.6250,   29.2500, 11.790083,    16, 10000,    29,    42,
   32.5000,    0.0000,  -15.7500,   31.5000, 17.855026,    16, 10000,    30,    44,
   31.0000,    0.0000,  -16.8750,   33.7500, 23.144451,    16, 10000,    31,    46,
   29.5000,    0.0000,  -18.0000,   36.0000, 23.707716,    16, 10000,    32,    48,
   50.5000,    0.0000,   -1.1250,    2.2500, 38.814949,    17, 10000,    18,    19,
   49.0000,    0.0000,   -2.2500,    4.5000, 22.202765,    17, 10000,    19,    21,
   47.5000,    0.0000,   -3.3750,    6.7500, 11.546031,    17, 10000,    20,    23,
   46.0000,    0.0000,   -4.5000,    9.0000,  6.036577,    17, 10000,    21,    25,
   44.5000,    0.0000,   -5.6250,   11.2500,  7.475363,    17, 10000,    22,    27,
   43.0000,    0.0000,   -6.7500,   13.5000, 12.205022,    17, 10000,    23,    29,
   41.5000,    0.0000,   -7.8750,   15.7500, 11.198324,    17, 10000,    24,    31,
   40.0000,    0.0000,   -9.0000,   18.0000, 12.090916,    17, 10000,    25,    33,
   38.5000,    0.0000,  -10.1250,   20.2500, 10.925195,    17, 10000,    26,    35,
   37.0000,    0.0000,  -11.2500,   22.5000, 21.707478,    17, 10000,    27,    37,
   35.5000,    0.0000,  -12.3750,   24.7500, 12.416316,    17, 10000,    28,    39,
   34.0000,    0.0000,  -13.5000,   27.0000, 10.830154,    17, 10000,    29,    41,
   32.5000,    0.0000,  -14.6250,   29.2500, 15.917572,    17, 10000,    30,    43,
   31.0000,    0.0000,  -15.7500,   31.5000, 21.032883,    17, 10000,    31,    45,
   29.5000,    0.0000,  -16.8750,   33.7500, 21.906277,    17, 10000,    32,    47,
   49.0000,    0.0000,   -1.1250,    2.2500, 69.536896,    18, 10000,    19,    20,
   47.5000,    0.0000,   -2.2500,    4.5000, 17.630766,    18, 10000,    20,    22,
   46.0000,    0.0000,   -3.3750,    6.7500,  7.204349,    18, 10000,    21,    24,
   44.5000,    0.0000,   -4.5000,    9.0000,  9.633082,    18, 10000,    22,    26,
   43.0000,    0.0000,   -5.6250,   11.2500, 11.345152,    18, 10000,    23,    28,
   41.5000,    0.0000,   -6.7500,   13.5000, 13.463018,    18, 10000,    24,    30,
   40.0000,    0.0000,   -7.8750,   15.7500, 13.637646,    18, 10000,    25,    32,
   38.5000,    0.0000,   -9.0000,   18.0000, 11.932350,    18, 10000,    26,    34,
   37.0000,    0.0000,  -10.1250,   20.2500, 19.745548,    18, 10000,    27,    36,
   35.5000,    0.0000,  -11.2500,   22.5000, 13.676288,    18, 10000,    28,    38,
   34.0000,    0.0000,  -12.3750,   24.7500, 10.748918,    18, 10000,    29,    40,
   32.5000,    0.0000,  -13.5000,   27.0000, 17.253851,    18, 10000,    30,    42,
   31.0000,    0.0000,  -14.6250,   29.2500, 20.863293,    18, 10000,    31,    44,
   29.5000,    0.0000,  -15.7500,   31.5000, 25.592754,    18, 10000,    32,    46,
   28.0000,    0.0000,  -16.8750,   33.7500, 26.016802,    18, 10000,    33,    48,
   47.5000,    0.0000,   -1.1250,    2.2500, 27.167912,    19, 10000,    20,    21,
   46.0000,    0.0000,   -2.2500,    4.5000,  6.527677,    19, 10000,    21,    23,
   44.5000,    0.0000,   -3.3750,    6.7500,  6.974549,    19, 10000,    22,    25,
   43.0000,    0.0000,   -4.5000,    9.0000,  7.877738,    19, 10000,    23,    27,
   41.5000,    0.0000,   -5.6250,   11.2500, 14.603908,    19, 10000,    24,    29,
   40.0000,    0.0000,   -6.7500,   13.5000, 12.732069,    19, 10000,    25,    31,
   38.5000,    0.0000,   -7.8750,   15.7500, 10.592033,    19, 10000,    26,    33,
   37.0000,    0.0000,   -9.0000,   18.0000, 14.835994,    19, 10000,    27,    35,
   35.5000,    0.0000,  -10.1250,   20.2500, 21.222382,    19, 10000,    28,    37,
   34.0000,    0.0000,  -11.2500,   22.5000,  9.183244,    19, 10000,    29,    39,
   32.5000,    0.0000,  -12.3750,   24.7500, 16.965931,    19, 10000,    30,    41,
   31.0000,    0.0000,  -13.5000,   27.0000, 19.869049,    19, 10000,    31,    43,
   29.5000,    0.0000,  -14.6250,   29.2500, 25.631266,    19, 10000,    32,    45,
   28.0000,    0.0000,  -15.7500,   31.5000, 26.429192,    19, 10000,    33,    47,
   46.0000,    0.0000,   -1.1250,    2.2500, 13.367281,    20, 10000,    21,    22,
   44.5000,    0.0000,   -2.2500,    4.5000,  8.103682,    20, 10000,    22,    24,
   43.0000,    0.0000,   -3.3750,    6.7500, 10.001734,    20, 10000,    23,    26,
   41.5000,    0.0000,   -4.5000,    9.0000, 12.921537,    20, 10000,    24,    28,
   40.0000,    0.0000,   -5.6250,   11.2500, 13.412724,    20, 10000,    25,    30,
   38.5000,    0.0000,   -6.7500,   13.5000, 10.690413,    20, 10000,    26,    32,
   37.0000,    0.0000,   -7.8750,   15.7500, 14.600057,    20, 10000,    27,    34,
   35.5000,    0.0000,   -9.0000,   18.0000, 15.765322,    20, 10000,    28,    36,
   34.0000,    0.0000,  -10.1250,   20.2500,  8.757374,    20, 10000,    29,    38,
   32.5000,    0.0000,  -11.2500,   22.5000, 15.751140,    20, 10000,    30,    40,
   31.0000,    0.0000,  -12.3750,   24.7500, 19.565285,    20, 10000,    31,    42,
   29.5000,    0.0000,  -13.5000,   27.0000, 22.130919,    20, 10000,    32,    44,
   28.0000,    0.0000,  -14.6250,   29.2500, 27.067808,    20, 10000,    33,    46,
   26.5000,    0.0000,  -15.7500,   31.5000, 26.294029,    20, 10000,    34,    48,
   44.5000,    0.0000,   -1.1250,    2.2500, 27.387217,    21, 10000,    22,    23,
   43.0000,    0.0000,   -2.2500,    4.5000, 16.651203,    21, 10000,    23,    25,
   41.5000,    0.0000,   -3.3750,    6.7500, 12.871272,    21, 10000,    24,    27,
   40.0000,    0.0000,   -4.5000,    9.0000, 14.636449,    21, 10000,    25,    29,
   38.5000,    0.0000,   -5.6250,   11.2500, 10.162555,    21, 10000,    26,    31,
   37.0000,    0.0000,   -6.7500,   13.5000, 12.819296,    21, 10000,    27,    33,
   35.5000,    0.0000,   -7.8750,   15.7500, 10.232427,    21, 10000,    28,    35,
   34.0000,    0.0000,   -9.0000,   18.0000, 15.225363,    21, 10000,    29,    37,
   32.5000,    0.0000,  -10.1250,   20.2500, 12.954789,    21, 10000,    30,    39,
   31.0000,    0.0000,  -11.2500,   22.5000, 17.673473,    21, 10000,    31,    41,
   29.5000,    0.0000,  -12.3750,   24.7500, 19.096874,    21, 10000,    32,    43,
   28.0000,    0.0000,  -13.5000,   27.0000, 24.967001,    21, 10000,    33,    45,
   26.5000,    0.0000,  -14.6250,   29.2500, 24.596716,    21, 10000,    34,    47,
   43.0000,    0.0000,   -1.1250,    2.2500,115.501793,    22, 10000,    23,    24,
   41.5000,    0.0000,   -2.2500,    4.5000, 23.107971,    22, 10000,    24,    26,
   40.0000,    0.0000,   -3.3750,    6.7500, 14.740827,    22, 10000,    25,    28,
   38.5000,    0.0000,   -4.5000,    9.0000, 11.967025,    22, 10000,    26,    30,
   37.0000,    0.0000,   -5.6250,   11.2500, 14.076136,    22, 10000,    27,    32,
   35.5000,    0.0000,   -6.7500,   13.5000, 10.412899,    22, 10000,    28,    34,
   34.0000,    0.0000,   -7.8750,   15.7500, 10.109094,    22, 10000,    29,    36,
   32.5000,    0.0000,   -9.0000,   18.0000, 13.175598,    22, 10000,    30,    38,
   31.0000,    0.0000,  -10.1250,   20.2500, 17.407602,    22, 10000,    31,    40,
   29.5000,    0.0000,  -11.2500,   22.5000, 19.811314,    22, 10000,    32,    42,
   28.0000,    0.0000,  -12.3750,   24.7500, 22.922445,    22, 10000,    33,    44,
   26.5000,    0.0000,  -13.5000,   27.0000, 26.794130,    22, 10000,    34,    46,
   25.0000,    0.0000,  -14.6250,   29.2500, 26.027863,    22, 10000,    35,    48,
   41.5000,    0.0000,   -1.1250,    2.2500, 69.869026,    23, 10000,    24,    25,
   40.0000,    0.0000,   -2.2500,    4.5000, 24.324541,    23, 10000,    25,    27,
   38.5000,    0.0000,   -3.3750,    6.7500, 17.943497,    23, 10000,    26,    29,
   37.0000,    0.0000,   -4.5000,    9.0000, 16.145016,    23, 10000,    27,    31,
   35.5000,    0.0000,   -5.6250,   11.2500, 10.779717,    23, 10000,    28,    33,
   34.0000,    0.0000,   -6.7500,   13.5000,  5.463865,    23, 10000,    29,    35,
   32.5000,    0.0000,   -7.8750,   15.7500, 22.906376,    23, 10000,    30,    37,
   31.0000,    0.0000,   -9.0000,   18.0000, 16.764011,    23, 10000,    31,    39,
   29.5000,    0.0000,  -10.1250,   20.2500, 21.095697,    23, 10000,    32,    41,
   28.0000,    0.0000,  -11.2500,   22.5000, 23.442026,    23, 10000,    33,    43,
   26.5000,    0.0000,  -12.3750,   24.7500, 28.669161,    23, 10000,    34,    45,
   25.0000,    0.0000,  -13.5000,   27.0000, 28.758694,    23, 10000,    35,    47,
   40.0000,    0.0000,   -1.1250,    2.2500, 36.795994,    24, 10000,    25,    26,
   38.5000,    0.0000,   -2.2500,    4.5000, 17.488066,    24, 10000,    26,    28,
   37.0000,    0.0000,   -3.3750,    6.7500, 17.971994,    24, 10000,    27,    30,
   35.5000,    0.0000,   -4.5000,    9.0000, 11.198359,    24, 10000,    28,    32,
   34.0000,    0.0000,   -5.6250,   11.2500,  4.399589,    24, 10000,    29,    34,
   32.5000,    0.0000,   -6.7500,   13.5000, 15.943697,    24, 10000,    30,    36,
   31.0000,    0.0000,   -7.8750,   15.7500, 16.225405,    24, 10000,    31,    38,
   29.5000,    0.0000,   -9.0000,   18.0000, 19.640694,    24, 10000,    32,    40,
   28.0000,    0.0000,  -10.1250,   20.2500, 23.217758,    24, 10000,    33,    42,
   26.5000,    0.0000,  -11.2500,   22.5000, 24.655806,    24, 10000,    34,    44,
   25.0000,    0.0000,  -12.3750,   24.7500, 29.764507,    24, 10000,    35,    46,
   23.5000,    0.0000,  -13.5000,   27.0000, 19.426592,    24, 10000,    36,    48,
   38.5000,    0.0000,   -1.1250,    2.2500, 86.193863,    25, 10000,    26,    27,
   37.0000,    0.0000,   -2.2500,    4.5000, 52.102097,    25, 10000,    27,    29,
   35.5000,    0.0000,   -3.3750,    6.7500, 19.203867,    25, 10000,    28,    31,
   34.0000,    0.0000,   -4.5000,    9.0000,  3.604019,    25, 10000,    29,    33,
   32.5000,    0.0000,   -5.6250,   11.2500,  9.628276,    25, 10000,    30,    35,
   31.0000,    0.0000,   -6.7500,   13.5000, 23.228292,    25, 10000,    31,    37,
   29.5000,    0.0000,   -7.8750,   15.7500, 16.169586,    25, 10000,    32,    39,
   28.0000,    0.0000,   -9.0000,   18.0000, 20.989258,    25, 10000,    33,    41,
   26.5000,    0.0000,  -10.1250,   20.2500, 21.303596,    25, 10000,    34,    43,
   25.0000,    0.0000,  -11.2500,   22.5000, 26.797878,    25, 10000,    35,    45,
   23.5000,    0.0000,  -12.3750,   24.7500, 18.168901,    25, 10000,    36,    47,
   37.0000,    0.0000,   -1.1250,    2.2500,141.778793,    26, 10000,    27,    28,
   35.5000,    0.0000,   -2.2500,    4.5000, 49.763290,    26, 10000,    28,    30,
   34.0000,    0.0000,   -3.3750,    6.7500,  3.676407,    26, 10000,    29,    32,
   32.5000,    0.0000,   -4.5000,    9.0000,  8.371307,    26, 10000,    30,    34,
   31.0000,    0.0000,   -5.6250,   11.2500, 14.660370,    26, 10000,    31,    36,
   29.5000,    0.0000,   -6.7500,   13.5000, 13.924407,    26, 10000,    32,    38,
   28.0000,    0.0000,   -7.8750,   15.7500, 17.249660,    26, 10000,    33,    40,
   26.5000,    0.0000,   -9.0000,   18.0000, 18.434158,    26, 10000,    34,    42,
   25.0000,    0.0000,  -10.1250,   20.2500, 20.109442,    26, 10000,    35,    44,
   23.5000,    0.0000,  -11.2500,   22.5000, 16.237465,    26, 10000,    36,    46,
   22.0000,    0.0000,  -12.3750,   24.7500,  5.298106,    26, 10000,    37,    48,
   35.5000,    0.0000,   -1.1250,    2.2500,141.138641,    27, 10000,    28,    29,
   34.0000,    0.0000,   -2.2500,    4.5000,  4.298213,    27, 10000,    29,    31,
   32.5000,    0.0000,   -3.3750,    6.7500,  8.384842,    27, 10000,    30,    33,
   31.0000,    0.0000,   -4.5000,    9.0000, 10.798553,    27, 10000,    31,    35,
   29.5000,    0.0000,   -5.6250,   11.2500, 22.542919,    27, 10000,    32,    37,
   28.0000,    0.0000,   -6.7500,   13.5000, 16.228840,    27, 10000,    33,    39,
   26.5000,    0.0000,   -7.8750,   15.7500, 19.347639,    27, 10000,    34,    41,
   25.0000,    0.0000,   -9.0000,   18.0000, 20.188154,    27, 10000,    35,    43,
   23.5000,    0.0000,  -10.1250,   20.2500, 17.423075,    27, 10000,    36,    45,
   22.0000,    0.0000,  -11.2500,   22.5000,  5.540521,    27, 10000,    37,    47,
   34.0000,    0.0000,   -1.1250,    2.2500,  4.576957,    28, 10000,    29,    30,
   32.5000,    0.0000,   -2.2500,    4.5000,  8.013625,    28, 10000,    30,    32,
   31.0000,    0.0000,   -3.3750,    6.7500,  8.771688,    28, 10000,    31,    34,
   29.5000,    0.0000,   -4.5000,    9.0000, 13.063543,    28, 10000,    32,    36,
   28.0000,    0.0000,   -5.6250,   11.2500, 12.784082,    28, 10000,    33,    38,
   26.5000,    0.0000,   -6.7500,   13.5000, 14.547606,    28, 10000,    34,    40,
   25.0000,    0.0000,   -7.8750,   15.7500, 16.130140,    28, 10000,    35,    42,
   23.5000,    0.0000,   -9.0000,   18.0000, 10.797232,    28, 10000,    36,    44,
   22.0000,    0.0000,  -10.1250,   20.2500,  4.660001,    28, 10000,    37,    46,
   20.5000,    0.0000,  -11.2500,   22.5000, 18.799732,    28, 10000,    38,    48,
   32.5000,    0.0000,   -1.1250,    2.2500, 39.718254,    29, 10000,    30,    31,
   31.0000,    0.0000,   -2.2500,    4.5000, 17.300535,    29, 10000,    31,    33,
   29.5000,    0.0000,   -3.3750,    6.7500, 11.764866,    29, 10000,    32,    35,
   28.0000,    0.0000,   -4.5000,    9.0000, 18.956383,    29, 10000,    33,    37,
   26.5000,    0.0000,   -5.6250,   11.2500, 12.719158,    29, 10000,    34,    39,
   25.0000,    0.0000,   -6.7500,   13.5000, 15.402480,    29, 10000,    35,    41,
   23.5000,    0.0000,   -7.8750,   15.7500,  9.750559,    29, 10000,    36,    43,
   22.0000,    0.0000,   -9.0000,   18.0000,  4.816599,    29, 10000,    37,    45,
   20.5000,    0.0000,  -10.1250,   20.2500, 17.920227,    29, 10000,    38,    47,
   31.0000,    0.0000,   -1.1250,    2.2500, 62.564720,    30, 10000,    31,    32,
   29.5000,    0.0000,   -2.2500,    4.5000, 28.366421,    30, 10000,    32,    34,
   28.0000,    0.0000,   -3.3750,    6.7500, 17.948860,    30, 10000,    33,    36,
   26.5000,    0.0000,   -4.5000,    9.0000, 13.820685,    30, 10000,    34,    38,
   25.0000,    0.0000,   -5.6250,   11.2500, 15.706996,    30, 10000,    35,    40,
   23.5000,    0.0000,   -6.7500,   13.5000, 10.035819,    30, 10000,    36,    42,
   22.0000,    0.0000,   -7.8750,   15.7500,  1.104300,    30, 10000,    37,    44,
   20.5000,    0.0000,   -9.0000,   18.0000, 20.977978,    30, 10000,    38,    46,
   19.0000,    0.0000,  -10.1250,   20.2500, 20.859571,    30, 10000,    39,    48,
   29.5000,    0.0000,   -1.1250,    2.2500, 59.915737,    31, 10000,    32,    33,
   28.0000,    0.0000,   -2.2500,    4.5000, 20.205107,    31, 10000,    33,    35,
   26.5000,    0.0000,   -3.3750,    6.7500, 22.457005,    31, 10000,    34,    37,
   25.0000,    0.0000,   -4.5000,    9.0000, 13.845545,    31, 10000,    35,    39,
   23.5000,    0.0000,   -5.6250,   11.2500,  9.921483,    31, 10000,    36,    41,
   22.0000,    0.0000,   -6.7500,   13.5000,  0.512555,    31, 10000,    37,    43,
   20.5000,    0.0000,   -7.8750,   15.7500, 21.804087,    31, 10000,    38,    45,
   19.0000,    0.0000,   -9.0000,   18.0000, 22.269108,    31, 10000,    39,    47,
   28.0000,    0.0000,   -1.1250,    2.2500, 39.678051,    32, 10000,    33,    34,
   26.5000,    0.0000,   -2.2500,    4.5000, 18.339264,    32, 10000,    34,    36,
   25.0000,    0.0000,   -3.3750,    6.7500, 13.037232,    32, 10000,    35,    38,
   23.5000,    0.0000,   -4.5000,    9.0000,  8.022431,    32, 10000,    36,    40,
   22.0000,    0.0000,   -5.6250,   11.2500,  1.343704,    32, 10000,    37,    42,
   20.5000,    0.0000,   -6.7500,   13.5000, 16.884428,    32, 10000,    38,    44,
   19.0000,    0.0000,   -7.8750,   15.7500, 22.158506,    32, 10000,    39,    46,
   17.5000,    0.0000,   -9.0000,   18.0000, 19.269573,    32, 10000,    40,    48,
   26.5000,    0.0000,   -1.1250,    2.2500, 19.654875,    33, 10000,    34,    35,
   25.0000,    0.0000,   -2.2500,    4.5000, 20.004765,    33, 10000,    35,    37,
   23.5000,    0.0000,   -3.3750,    6.7500,  5.681340,    33, 10000,    36,    39,
   22.0000,    0.0000,   -4.5000,    9.0000,  1.524496,    33, 10000,    37,    41,
   20.5000,    0.0000,   -5.6250,   11.2500, 15.041465,    33, 10000,    38,    43,
   19.0000,    0.0000,   -6.7500,   13.5000, 22.338869,    33, 10000,    39,    45,
   17.5000,    0.0000,   -7.8750,   15.7500, 19.928722,    33, 10000,    40,    47,
   25.0000,    0.0000,   -1.1250,    2.2500, 18.869686,    34, 10000,    35,    36,
   23.5000,    0.0000,   -2.2500,    4.5000,  6.287338,    34, 10000,    36,    38,
   22.0000,    0.0000,   -3.3750,    6.7500,  2.582704,    34, 10000,    37,    40,
   20.5000,    0.0000,   -4.5000,    9.0000, 13.477516,    34, 10000,    38,    42,
   19.0000,    0.0000,   -5.6250,   11.2500, 16.149467,    34, 10000,    39,    44,
   17.5000,    0.0000,   -6.7500,   13.5000, 18.734114,    34, 10000,    40,    46,
   16.0000,    0.0000,   -7.8750,   15.7500, 16.447697,    34, 10000,    41,    48,
   23.5000,    0.0000,   -1.1250,    2.2500, 18.823275,    35, 10000,    36,    37,
   22.0000,    0.0000,   -2.2500,    4.5000,  2.600984,    35, 10000,    37,    39,
   20.5000,    0.0000,   -3.3750,    6.7500, 12.859111,    35, 10000,    38,    41,
   19.0000,    0.0000,   -4.5000,    9.0000, 14.248767,    35, 10000,    39,    43,
   17.5000,    0.0000,   -5.6250,   11.2500, 18.066883,    35, 10000,    40,    45,
   16.0000,    0.0000,   -6.7500,   13.5000, 16.502430,    35, 10000,    41,    47,
   22.0000,    0.0000,   -1.1250,    2.2500,  8.358243,    36, 10000,    37,    38,
   20.5000,    0.0000,   -2.2500,    4.5000,  8.625036,    36, 10000,    38,    40,
   19.0000,    0.0000,   -3.3750,    6.7500,  9.361660,    36, 10000,    39,    42,
   17.5000,    0.0000,   -4.5000,    9.0000,  8.478870,    36, 10000,    40,    44,
   16.0000,    0.0000,   -5.6250,   11.2500, 10.673817,    36, 10000,    41,    46,
   14.5000,    0.0000,   -6.7500,   13.5000, 11.534238,    36, 10000,    42,    48,
   20.5000,    0.0000,   -1.1250,    2.2500,  3.528857,    37, 10000,    38,    39,
   19.0000,    0.0000,   -2.2500,    4.5000,  4.250041,    37, 10000,    39,    41,
   17.5000,    0.0000,   -3.3750,    6.7500,  3.180667,    37, 10000,    40,    43,
   16.0000,    0.0000,   -4.5000,    9.0000,  4.057658,    37, 10000,    41,    45,
   14.5000,    0.0000,   -5.6250,   11.2500,  4.677742,    37, 10000,    42,    47,
   19.0000,    0.0000,   -1.1250,    2.2500, 20.028311,    38, 10000,    39,    40,
   17.5000,    0.0000,   -2.2500,    4.5000,  8.331844,    38, 10000,    40,    42,
   16.0000,    0.0000,   -3.3750,    6.7500,  8.544246,    38, 10000,    41,    44,
   14.5000,    0.0000,   -4.5000,    9.0000, 15.358116,    38, 10000,    42,    46,
   13.0000,    0.0000,   -5.6250,   11.2500, 15.462208,    38, 10000,    43,    48,
   17.5000,    0.0000,   -1.1250,    2.2500,  9.826600,    39, 10000,    40,    41,
   16.0000,    0.0000,   -2.2500,    4.5000,  6.499387,    39, 10000,    41,    43,
   14.5000,    0.0000,   -3.3750,    6.7500, 13.944298,    39, 10000,    42,    45,
   13.0000,    0.0000,   -4.5000,    9.0000, 14.906638,    39, 10000,    43,    47,
   16.0000,    0.0000,   -1.1250,    2.2500, 27.417645,    40, 10000,    41,    42,
   14.5000,    0.0000,   -2.2500,    4.5000, 17.135479,    40, 10000,    42,    44,
   13.0000,    0.0000,   -3.3750,    6.7500, 16.960930,    40, 10000,    43,    46,
   11.5000,    0.0000,   -4.5000,    9.0000, 14.321507,    40, 10000,    44,    48,
   14.5000,    0.0000,   -1.1250,    2.2500, 57.571659,    41, 10000,    42,    43,
   13.0000,    0.0000,   -2.2500,    4.5000, 24.174940,    41, 10000,    43,    45,
   11.5000,    0.0000,   -3.3750,    6.7500, 15.218819,    41, 10000,    44,    47,
   13.0000,    0.0000,   -1.1250,    2.2500, 77.294174,    42, 10000,    43,    44,
   11.5000,    0.0000,   -2.2500,    4.5000, 22.823141,    42, 10000,    44,    46,
   10.0000,    0.0000,   -3.3750,    6.7500, 13.313889,    42, 10000,    45,    48,
   11.5000,    0.0000,   -1.1250,    2.2500, 39.056469,    43, 10000,    44,    45,
   10.0000,    0.0000,   -2.2500,    4.5000, 22.571070,    43, 10000,    45,    47,
   10.0000,    0.0000,   -1.1250,    2.2500,122.428658,    44, 10000,    45,    46,
    8.5000,    0.0000,   -2.2500,    4.5000, 23.607130,    44, 10000,    46,    48,
    8.5000,    0.0000,   -1.1250,    2.2500, 94.189522,    45, 10000,    46,    47,
    7.0000,    0.0000,   -1.1250,    2.2500,177.081985,    46, 10000,    47,    48,
