X ,Y ,Z ,AO ,Res ,A ,B ,M ,N 
   74.5000,    0.0000,   -1.1250,    2.2500, 18.027014,     3, 10000,     2,     1,
   73.0000,    0.0000,   -1.1250,    2.2500, 15.326715,     4, 10000,     3,     2,
   71.5000,    0.0000,   -1.1250,    2.2500, 13.831083,     5, 10000,     4,     3,
   73.0000,    0.0000,   -2.2500,    4.5000, 13.105352,     5, 10000,     3,     1,
   70.0000,    0.0000,   -1.1250,    2.2500,  6.226743,     6, 10000,     5,     4,
   71.5000,    0.0000,   -2.2500,    4.5000,  8.343600,     6, 10000,     4,     2,
   68.5000,    0.0000,   -1.1250,    2.2500, 12.505493,     7, 10000,     6,     5,
   70.0000,    0.0000,   -2.2500,    4.5000,  8.118684,     7, 10000,     5,     3,
   71.5000,    0.0000,   -3.3750,    6.7500, 11.773304,     7, 10000,     4,     1,
   67.0000,    0.0000,   -1.1250,    2.2500,  8.515798,     8, 10000,     7,     6,
   68.5000,    0.0000,   -2.2500,    4.5000, 10.429958,     8, 10000,     6,     4,
   70.0000,    0.0000,   -3.3750,    6.7500,  8.420757,     8, 10000,     5,     2,
   65.5000,    0.0000,   -1.1250,    2.2500, 13.408291,     9, 10000,     8,     7,
   67.0000,    0.0000,   -2.2500,    4.5000, 11.620914,     9, 10000,     7,     5,
   68.5000,    0.0000,   -3.3750,    6.7500, 11.866940,     9, 10000,     6,     3,
   70.0000,    0.0000,   -4.5000,    9.0000, 10.627439,     9, 10000,     5,     1,
   64.0000,    0.0000,   -1.1250,    2.2500,  9.493149,    10, 10000,     9,     8,
   65.5000,    0.0000,   -2.2500,    4.5000, 13.298098,    10, 10000,     8,     6,
   67.0000,    0.0000,   -3.3750,    6.7500, 12.921721,    10, 10000,     7,     4,
   68.5000,    0.0000,   -4.5000,    9.0000, 13.227953,    10, 10000,     6,     2,
   62.5000,    0.0000,   -1.1250,    2.2500,  8.756340,    11, 10000,    10,     9,
   64.0000,    0.0000,   -2.2500,    4.5000,  9.818673,    11, 10000,     9,     7,
   65.5000,    0.0000,   -3.3750,    6.7500, 14.162343,    11, 10000,     8,     5,
   67.0000,    0.0000,   -4.5000,    9.0000, 13.252138,    11, 10000,     7,     3,
   68.5000,    0.0000,   -5.6250,   11.2500, 14.404085,    11, 10000,     6,     1,
   61.0000,    0.0000,   -1.1250,    2.2500, 14.377542,    12, 10000,    11,    10,
   62.5000,    0.0000,   -2.2500,    4.5000, 10.187140,    12, 10000,    10,     8,
   64.0000,    0.0000,   -3.3750,    6.7500, 11.522030,    12, 10000,     9,     6,
   65.5000,    0.0000,   -4.5000,    9.0000, 14.753105,    12, 10000,     8,     4,
   67.0000,    0.0000,   -5.6250,   11.2500, 14.057702,    12, 10000,     7,     2,
   59.5000,    0.0000,   -1.1250,    2.2500,  5.523440,    13, 10000,    12,    11,
   61.0000,    0.0000,   -2.2500,    4.5000, 11.024704,    13, 10000,    11,     9,
   62.5000,    0.0000,   -3.3750,    6.7500,  8.817440,    13, 10000,    10,     7,
   64.0000,    0.0000,   -4.5000,    9.0000,  9.845044,    13, 10000,     9,     5,
   65.5000,    0.0000,   -5.6250,   11.2500, 11.114897,    13, 10000,     8,     3,
   67.0000,    0.0000,   -6.7500,   13.5000, 10.959199,    13, 10000,     7,     1,
   58.0000,    0.0000,   -1.1250,    2.2500,  7.752825,    14, 10000,    13,    12,
   59.5000,    0.0000,   -2.2500,    4.5000, 10.419766,    14, 10000,    12,    10,
   61.0000,    0.0000,   -3.3750,    6.7500, 12.945268,    14, 10000,    11,     8,
   62.5000,    0.0000,   -4.5000,    9.0000, 13.329473,    14, 10000,    10,     6,
   64.0000,    0.0000,   -5.6250,   11.2500, 13.463697,    14, 10000,     9,     4,
   65.5000,    0.0000,   -6.7500,   13.5000, 15.038935,    14, 10000,     8,     2,
   56.5000,    0.0000,   -1.1250,    2.2500, 13.540098,    15, 10000,    14,    13,
   58.0000,    0.0000,   -2.2500,    4.5000,  4.535251,    15, 10000,    13,    11,
   59.5000,    0.0000,   -3.3750,    6.7500, 12.273686,    15, 10000,    12,     9,
   61.0000,    0.0000,   -4.5000,    9.0000, 14.847203,    15, 10000,    11,     7,
   62.5000,    0.0000,   -5.6250,   11.2500, 15.369524,    15, 10000,    10,     5,
   64.0000,    0.0000,   -6.7500,   13.5000, 14.182358,    15, 10000,     9,     3,
   65.5000,    0.0000,   -7.8750,   15.7500, 16.200527,    15, 10000,     8,     1,
   55.0000,    0.0000,   -1.1250,    2.2500,  9.994304,    16, 10000,    15,    14,
   56.5000,    0.0000,   -2.2500,    4.5000,  9.087875,    16, 10000,    14,    12,
   58.0000,    0.0000,   -3.3750,    6.7500,  5.704929,    16, 10000,    13,    10,
   59.5000,    0.0000,   -4.5000,    9.0000, 12.266050,    16, 10000,    12,     8,
   61.0000,    0.0000,   -5.6250,   11.2500, 15.040889,    16, 10000,    11,     6,
   62.5000,    0.0000,   -6.7500,   13.5000, 14.579488,    16, 10000,    10,     4,
   64.0000,    0.0000,   -7.8750,   15.7500, 13.549370,    16, 10000,     9,     2,
   53.5000,    0.0000,   -1.1250,    2.2500, 14.766843,    17, 10000,    16,    15,
   55.0000,    0.0000,   -2.2500,    4.5000, 10.037245,    17, 10000,    15,    13,
   56.5000,    0.0000,   -3.3750,    6.7500,  6.828029,    17, 10000,    14,    11,
   58.0000,    0.0000,   -4.5000,    9.0000,  5.322989,    17, 10000,    13,     9,
   59.5000,    0.0000,   -5.6250,   11.2500, 12.313098,    17, 10000,    12,     7,
   61.0000,    0.0000,   -6.7500,   13.5000, 16.240030,    17, 10000,    11,     5,
   62.5000,    0.0000,   -7.8750,   15.7500, 13.643414,    17, 10000,    10,     3,
   64.0000,    0.0000,   -9.0000,   18.0000, 12.910033,    17, 10000,     9,     1,
   52.0000,    0.0000,   -1.1250,    2.2500, 44.985439,    18, 10000,    17,    16,
   53.5000,    0.0000,   -2.2500,    4.5000, 10.266854,    18, 10000,    16,    14,
   55.0000,    0.0000,   -3.3750,    6.7500, 10.978570,    18, 10000,    15,    12,
   56.5000,    0.0000,   -4.5000,    9.0000, 12.111459,    18, 10000,    14,    10,
   58.0000,    0.0000,   -5.6250,   11.2500,  8.156894,    18, 10000,    13,     8,
   59.5000,    0.0000,   -6.7500,   13.5000, 14.792692,    18, 10000,    12,     6,
   61.0000,    0.0000,   -7.8750,   15.7500, 16.598803,    18, 10000,    11,     4,
   62.5000,    0.0000,   -9.0000,   18.0000, 15.303890,    18, 10000,    10,     2,
   50.5000,    0.0000,   -1.1250,    2.2500, 38.883976,    19, 10000,    18,    17,
   52.0000,    0.0000,   -2.2500,    4.5000, 12.557933,    19, 10000,    17,    15,
   53.5000,    0.0000,   -3.3750,    6.7500, 11.378539,    19, 10000,    16,    13,
   55.0000,    0.0000,   -4.5000,    9.0000, 11.388273,    19, 10000,    15,    11,
   56.5000,    0.0000,   -5.6250,   11.2500, 13.579499,    19, 10000,    14,     9,
   58.0000,    0.0000,   -6.7500,   13.5000,  9.097298,    19, 10000,    13,     7,
   59.5000,    0.0000,   -7.8750,   15.7500, 16.125629,    19, 10000,    12,     5,
   61.0000,    0.0000,   -9.0000,   18.0000, 17.066074,    19, 10000,    11,     3,
   62.5000,    0.0000,  -10.1250,   20.2500, 16.016600,    19, 10000,    10,     1,
   49.0000,    0.0000,   -1.1250,    2.2500, 37.029732,    20, 10000,    19,    18,
   50.5000,    0.0000,   -2.2500,    4.5000, 12.291323,    20, 10000,    18,    16,
   52.0000,    0.0000,   -3.3750,    6.7500, 12.183921,    20, 10000,    17,    14,
   53.5000,    0.0000,   -4.5000,    9.0000, 11.005646,    20, 10000,    16,    12,
   55.0000,    0.0000,   -5.6250,   11.2500, 14.660519,    20, 10000,    15,    10,
   56.5000,    0.0000,   -6.7500,   13.5000, 15.095456,    20, 10000,    14,     8,
   58.0000,    0.0000,   -7.8750,   15.7500, 10.417911,    20, 10000,    13,     6,
   59.5000,    0.0000,   -9.0000,   18.0000, 17.299505,    20, 10000,    12,     4,
   61.0000,    0.0000,  -10.1250,   20.2500, 18.157883,    20, 10000,    11,     2,
   47.5000,    0.0000,   -1.1250,    2.2500, 15.234536,    21, 10000,    20,    19,
   49.0000,    0.0000,   -2.2500,    4.5000,  8.749506,    21, 10000,    19,    17,
   50.5000,    0.0000,   -3.3750,    6.7500,  3.753137,    21, 10000,    18,    15,
   52.0000,    0.0000,   -4.5000,    9.0000,  9.886691,    21, 10000,    17,    13,
   53.5000,    0.0000,   -5.6250,   11.2500,  9.536024,    21, 10000,    16,    11,
   55.0000,    0.0000,   -6.7500,   13.5000, 13.743824,    21, 10000,    15,     9,
   56.5000,    0.0000,   -7.8750,   15.7500, 15.125032,    21, 10000,    14,     7,
   58.0000,    0.0000,   -9.0000,   18.0000, 11.622437,    21, 10000,    13,     5,
   59.5000,    0.0000,  -10.1250,   20.2500, 17.017242,    21, 10000,    12,     3,
   61.0000,    0.0000,  -11.2500,   22.5000, 18.478453,    21, 10000,    11,     1,
   46.0000,    0.0000,   -1.1250,    2.2500, 21.629562,    22, 10000,    21,    20,
   47.5000,    0.0000,   -2.2500,    4.5000,  8.559971,    22, 10000,    20,    18,
   49.0000,    0.0000,   -3.3750,    6.7500,  7.408960,    22, 10000,    19,    16,
   50.5000,    0.0000,   -4.5000,    9.0000,  5.825409,    22, 10000,    18,    14,
   52.0000,    0.0000,   -5.6250,   11.2500,  8.857382,    22, 10000,    17,    12,
   53.5000,    0.0000,   -6.7500,   13.5000, 11.943733,    22, 10000,    16,    10,
   55.0000,    0.0000,   -7.8750,   15.7500, 15.611119,    22, 10000,    15,     8,
   56.5000,    0.0000,   -9.0000,   18.0000, 15.829445,    22, 10000,    14,     6,
   58.0000,    0.0000,  -10.1250,   20.2500, 12.222363,    22, 10000,    13,     4,
   59.5000,    0.0000,  -11.2500,   22.5000, 17.132946,    22, 10000,    12,     2,
   44.5000,    0.0000,   -1.1250,    2.2500, 34.969975,    23, 10000,    22,    21,
   46.0000,    0.0000,   -2.2500,    4.5000,  2.639437,    23, 10000,    21,    19,
   47.5000,    0.0000,   -3.3750,    6.7500,  4.952554,    23, 10000,    20,    17,
   49.0000,    0.0000,   -4.5000,    9.0000,  3.691831,    23, 10000,    19,    15,
   50.5000,    0.0000,   -5.6250,   11.2500,  2.482899,    23, 10000,    18,    13,
   52.0000,    0.0000,   -6.7500,   13.5000,  3.887640,    23, 10000,    17,    11,
   53.5000,    0.0000,   -7.8750,   15.7500, 11.902983,    23, 10000,    16,     9,
   55.0000,    0.0000,   -9.0000,   18.0000, 16.697153,    23, 10000,    15,     7,
   56.5000,    0.0000,  -10.1250,   20.2500, 15.777894,    23, 10000,    14,     5,
   58.0000,    0.0000,  -11.2500,   22.5000, 11.105908,    23, 10000,    13,     3,
   59.5000,    0.0000,  -12.3750,   24.7500, 18.372616,    23, 10000,    12,     1,
   43.0000,    0.0000,   -3.3750,    6.7500, 30.906912,    26, 10000,    23,    20,
   44.5000,    0.0000,   -4.5000,    9.0000, 14.783825,    26, 10000,    22,    18,
   46.0000,    0.0000,   -5.6250,   11.2500, 12.281116,    26, 10000,    21,    16,
   47.5000,    0.0000,   -6.7500,   13.5000, 16.514219,    26, 10000,    20,    14,
   49.0000,    0.0000,   -7.8750,   15.7500, 16.486786,    26, 10000,    19,    12,
   50.5000,    0.0000,   -9.0000,   18.0000, 15.321453,    26, 10000,    18,    10,
   52.0000,    0.0000,  -10.1250,   20.2500, 19.167570,    26, 10000,    17,     8,
   53.5000,    0.0000,  -11.2500,   22.5000, 21.428854,    26, 10000,    16,     6,
   55.0000,    0.0000,  -12.3750,   24.7500, 23.270975,    26, 10000,    15,     4,
   56.5000,    0.0000,  -13.5000,   27.0000, 22.427399,    26, 10000,    14,     2,
   43.0000,    0.0000,   -5.6250,   11.2500, 17.920847,    28, 10000,    23,    18,
   44.5000,    0.0000,   -6.7500,   13.5000, 13.516203,    28, 10000,    22,    16,
   46.0000,    0.0000,   -7.8750,   15.7500, 13.453782,    28, 10000,    21,    14,
   47.5000,    0.0000,   -9.0000,   18.0000, 17.685148,    28, 10000,    20,    12,
   49.0000,    0.0000,  -10.1250,   20.2500, 17.867222,    28, 10000,    19,    10,
   50.5000,    0.0000,  -11.2500,   22.5000, 17.600721,    28, 10000,    18,     8,
   52.0000,    0.0000,  -12.3750,   24.7500, 19.822672,    28, 10000,    17,     6,
   53.5000,    0.0000,  -13.5000,   27.0000, 21.517262,    28, 10000,    16,     4,
   55.0000,    0.0000,  -14.6250,   29.2500, 22.544716,    28, 10000,    15,     2,
   38.5000,    0.0000,   -3.3750,    6.7500, 10.435542,    29, 10000,    26,    23,
   43.0000,    0.0000,   -6.7500,   13.5000, 14.936533,    29, 10000,    23,    17,
   44.5000,    0.0000,   -7.8750,   15.7500, 12.067391,    29, 10000,    22,    15,
   46.0000,    0.0000,   -9.0000,   18.0000, 14.569057,    29, 10000,    21,    13,
   47.5000,    0.0000,  -10.1250,   20.2500, 16.267563,    29, 10000,    20,    11,
   49.0000,    0.0000,  -11.2500,   22.5000, 17.031584,    29, 10000,    19,     9,
   50.5000,    0.0000,  -12.3750,   24.7500, 16.582396,    29, 10000,    18,     7,
   52.0000,    0.0000,  -13.5000,   27.0000, 18.573021,    29, 10000,    17,     5,
   53.5000,    0.0000,  -14.6250,   29.2500, 19.553747,    29, 10000,    16,     3,
   55.0000,    0.0000,  -15.7500,   31.5000, 20.553642,    29, 10000,    15,     1,
   34.0000,    0.0000,   -1.1250,    2.2500, 29.979137,    30, 10000,    29,    28,
   35.5000,    0.0000,   -2.2500,    4.5000, 15.957522,    30, 10000,    28,    26,
   38.5000,    0.0000,   -4.5000,    9.0000,  9.286424,    30, 10000,    26,    22,
   43.0000,    0.0000,   -7.8750,   15.7500, 14.947836,    30, 10000,    23,    16,
   44.5000,    0.0000,   -9.0000,   18.0000, 13.288313,    30, 10000,    22,    14,
   46.0000,    0.0000,  -10.1250,   20.2500, 13.404018,    30, 10000,    21,    12,
   47.5000,    0.0000,  -11.2500,   22.5000, 17.409801,    30, 10000,    20,    10,
   49.0000,    0.0000,  -12.3750,   24.7500, 18.355423,    30, 10000,    19,     8,
   50.5000,    0.0000,  -13.5000,   27.0000, 17.251040,    30, 10000,    18,     6,
   52.0000,    0.0000,  -14.6250,   29.2500, 18.797628,    30, 10000,    17,     4,
   53.5000,    0.0000,  -15.7500,   31.5000, 19.771633,    30, 10000,    16,     2,
   32.5000,    0.0000,   -1.1250,    2.2500, 43.676464,    31, 10000,    30,    29,
   38.5000,    0.0000,   -5.6250,   11.2500, 10.385122,    31, 10000,    26,    21,
   43.0000,    0.0000,   -9.0000,   18.0000, 17.320671,    31, 10000,    23,    15,
   44.5000,    0.0000,  -10.1250,   20.2500, 18.134109,    31, 10000,    22,    13,
   46.0000,    0.0000,  -11.2500,   22.5000, 15.619847,    31, 10000,    21,    11,
   47.5000,    0.0000,  -12.3750,   24.7500, 20.984781,    31, 10000,    20,     9,
   49.0000,    0.0000,  -13.5000,   27.0000, 21.569038,    31, 10000,    19,     7,
   50.5000,    0.0000,  -14.6250,   29.2500, 20.543575,    31, 10000,    18,     5,
   52.0000,    0.0000,  -15.7500,   31.5000, 21.797562,    31, 10000,    17,     3,
   53.5000,    0.0000,  -16.8750,   33.7500, 23.247000,    31, 10000,    16,     1,
   31.0000,    0.0000,   -1.1250,    2.2500, 99.852074,    32, 10000,    31,    30,
   32.5000,    0.0000,   -2.2500,    4.5000, 21.850620,    32, 10000,    30,    28,
   34.0000,    0.0000,   -3.3750,    6.7500, 11.494802,    32, 10000,    29,    26,
   38.5000,    0.0000,   -6.7500,   13.5000,  9.019295,    32, 10000,    26,    20,
   43.0000,    0.0000,  -10.1250,   20.2500, 18.690388,    32, 10000,    23,    14,
   44.5000,    0.0000,  -11.2500,   22.5000, 16.400892,    32, 10000,    22,    12,
   46.0000,    0.0000,  -12.3750,   24.7500, 16.746241,    32, 10000,    21,    10,
   47.5000,    0.0000,  -13.5000,   27.0000, 22.500219,    32, 10000,    20,     8,
   49.0000,    0.0000,  -14.6250,   29.2500, 22.340324,    32, 10000,    19,     6,
   50.5000,    0.0000,  -15.7500,   31.5000, 20.860336,    32, 10000,    18,     4,
   52.0000,    0.0000,  -16.8750,   33.7500, 22.238091,    32, 10000,    17,     2,
   29.5000,    0.0000,   -1.1250,    2.2500,138.942596,    33, 10000,    32,    31,
   31.0000,    0.0000,   -2.2500,    4.5000, 75.647011,    33, 10000,    31,    29,
   35.5000,    0.0000,   -5.6250,   11.2500,  9.425542,    33, 10000,    28,    23,
   38.5000,    0.0000,   -7.8750,   15.7500,  9.888678,    33, 10000,    26,    19,
   43.0000,    0.0000,  -11.2500,   22.5000, 19.260845,    33, 10000,    23,    13,
   44.5000,    0.0000,  -12.3750,   24.7500, 15.724042,    33, 10000,    22,    11,
   46.0000,    0.0000,  -13.5000,   27.0000, 16.368504,    33, 10000,    21,     9,
   47.5000,    0.0000,  -14.6250,   29.2500, 20.364115,    33, 10000,    20,     7,
   49.0000,    0.0000,  -15.7500,   31.5000, 20.280943,    33, 10000,    19,     5,
   50.5000,    0.0000,  -16.8750,   33.7500, 18.472597,    33, 10000,    18,     3,
   52.0000,    0.0000,  -18.0000,   36.0000, 19.526199,    33, 10000,    17,     1,
   28.0000,    0.0000,   -1.1250,    2.2500, 27.419910,    34, 10000,    33,    32,
   29.5000,    0.0000,   -2.2500,    4.5000, 26.480539,    34, 10000,    32,    30,
   31.0000,    0.0000,   -3.3750,    6.7500, 19.203716,    34, 10000,    31,    28,
   32.5000,    0.0000,   -4.5000,    9.0000, 12.125540,    34, 10000,    30,    26,
   35.5000,    0.0000,   -6.7500,   13.5000, 11.579832,    34, 10000,    28,    22,
   38.5000,    0.0000,   -9.0000,   18.0000, 13.768943,    34, 10000,    26,    18,
   43.0000,    0.0000,  -12.3750,   24.7500, 20.621668,    34, 10000,    23,    12,
   44.5000,    0.0000,  -13.5000,   27.0000, 18.781937,    34, 10000,    22,    10,
   46.0000,    0.0000,  -14.6250,   29.2500, 19.876110,    34, 10000,    21,     8,
   47.5000,    0.0000,  -15.7500,   31.5000, 24.524246,    34, 10000,    20,     6,
   49.0000,    0.0000,  -16.8750,   33.7500, 23.967825,    34, 10000,    19,     4,
   50.5000,    0.0000,  -18.0000,   36.0000, 22.160471,    34, 10000,    18,     2,
   26.5000,    0.0000,   -1.1250,    2.2500, 24.315620,    35, 10000,    34,    33,
   28.0000,    0.0000,   -2.2500,    4.5000,  9.242652,    35, 10000,    33,    31,
   29.5000,    0.0000,   -3.3750,    6.7500, 15.221906,    35, 10000,    32,    29,
   34.0000,    0.0000,   -6.7500,   13.5000,  8.653457,    35, 10000,    29,    23,
   35.5000,    0.0000,   -7.8750,   15.7500, 12.348470,    35, 10000,    28,    21,
   38.5000,    0.0000,  -10.1250,   20.2500, 13.511435,    35, 10000,    26,    17,
   43.0000,    0.0000,  -13.5000,   27.0000, 20.475863,    35, 10000,    23,    11,
   44.5000,    0.0000,  -14.6250,   29.2500, 19.305182,    35, 10000,    22,     9,
   46.0000,    0.0000,  -15.7500,   31.5000, 19.984615,    35, 10000,    21,     7,
   47.5000,    0.0000,  -16.8750,   33.7500, 24.592459,    35, 10000,    20,     5,
   49.0000,    0.0000,  -18.0000,   36.0000, 23.574934,    35, 10000,    19,     3,
   50.5000,    0.0000,  -19.1250,   38.2500, 22.042505,    35, 10000,    18,     1,
   25.0000,    0.0000,   -1.1250,    2.2500, 12.094028,    36, 10000,    35,    34,
   26.5000,    0.0000,   -2.2500,    4.5000,  9.175787,    36, 10000,    34,    32,
   28.0000,    0.0000,   -3.3750,    6.7500,  6.469101,    36, 10000,    33,    30,
   29.5000,    0.0000,   -4.5000,    9.0000, 11.438569,    36, 10000,    32,    28,
   31.0000,    0.0000,   -5.6250,   11.2500, 13.399819,    36, 10000,    31,    26,
   34.0000,    0.0000,   -7.8750,   15.7500,  9.597925,    36, 10000,    29,    22,
   35.5000,    0.0000,   -9.0000,   18.0000, 10.043541,    36, 10000,    28,    20,
   38.5000,    0.0000,  -11.2500,   22.5000, 12.419725,    36, 10000,    26,    16,
   43.0000,    0.0000,  -14.6250,   29.2500, 19.676001,    36, 10000,    23,    10,
   44.5000,    0.0000,  -15.7500,   31.5000, 18.932890,    36, 10000,    22,     8,
   46.0000,    0.0000,  -16.8750,   33.7500, 19.060732,    36, 10000,    21,     6,
   47.5000,    0.0000,  -18.0000,   36.0000, 22.918585,    36, 10000,    20,     4,
   49.0000,    0.0000,  -19.1250,   38.2500, 22.178804,    36, 10000,    19,     2,
   23.5000,    0.0000,   -1.1250,    2.2500, 33.940037,    37, 10000,    36,    35,
   25.0000,    0.0000,   -2.2500,    4.5000, 13.188720,    37, 10000,    35,    33,
   26.5000,    0.0000,   -3.3750,    6.7500,  9.390864,    37, 10000,    34,    31,
   28.0000,    0.0000,   -4.5000,    9.0000,  7.634088,    37, 10000,    33,    29,
   32.5000,    0.0000,   -7.8750,   15.7500,  8.651068,    37, 10000,    30,    23,
   34.0000,    0.0000,   -9.0000,   18.0000, 10.071614,    37, 10000,    29,    21,
   35.5000,    0.0000,  -10.1250,   20.2500, 10.629821,    37, 10000,    28,    19,
   38.5000,    0.0000,  -12.3750,   24.7500, 12.017573,    37, 10000,    26,    15,
   43.0000,    0.0000,  -15.7500,   31.5000, 19.557047,    37, 10000,    23,     9,
   44.5000,    0.0000,  -16.8750,   33.7500, 18.638485,    37, 10000,    22,     7,
   46.0000,    0.0000,  -18.0000,   36.0000, 18.904671,    37, 10000,    21,     5,
   47.5000,    0.0000,  -19.1250,   38.2500, 21.929630,    37, 10000,    20,     3,
   49.0000,    0.0000,  -20.2500,   40.5000, 21.294977,    37, 10000,    19,     1,
   22.0000,    0.0000,   -1.1250,    2.2500, 69.619553,    38, 10000,    37,    36,
   23.5000,    0.0000,   -2.2500,    4.5000, 29.291903,    38, 10000,    36,    34,
   25.0000,    0.0000,   -3.3750,    6.7500, 13.829867,    38, 10000,    35,    32,
   26.5000,    0.0000,   -4.5000,    9.0000, 13.251842,    38, 10000,    34,    30,
   28.0000,    0.0000,   -5.6250,   11.2500,  8.761225,    38, 10000,    33,    28,
   29.5000,    0.0000,   -6.7500,   13.5000, 12.447615,    38, 10000,    32,    26,
   32.5000,    0.0000,   -9.0000,   18.0000, 10.881076,    38, 10000,    30,    22,
   34.0000,    0.0000,  -10.1250,   20.2500,  9.583048,    38, 10000,    29,    20,
   35.5000,    0.0000,  -11.2500,   22.5000, 12.337643,    38, 10000,    28,    18,
   38.5000,    0.0000,  -13.5000,   27.0000, 13.186063,    38, 10000,    26,    14,
   43.0000,    0.0000,  -16.8750,   33.7500, 20.360342,    38, 10000,    23,     8,
   44.5000,    0.0000,  -18.0000,   36.0000, 18.946659,    38, 10000,    22,     6,
   46.0000,    0.0000,  -19.1250,   38.2500, 18.839735,    38, 10000,    21,     4,
   47.5000,    0.0000,  -20.2500,   40.5000, 21.681412,    38, 10000,    20,     2,
   20.5000,    0.0000,   -1.1250,    2.2500, 15.531117,    39, 10000,    38,    37,
   22.0000,    0.0000,   -2.2500,    4.5000, 40.261234,    39, 10000,    37,    35,
   23.5000,    0.0000,   -3.3750,    6.7500, 21.782215,    39, 10000,    36,    33,
   25.0000,    0.0000,   -4.5000,    9.0000, 12.832674,    39, 10000,    35,    31,
   26.5000,    0.0000,   -5.6250,   11.2500, 14.592588,    39, 10000,    34,    29,
   31.0000,    0.0000,   -9.0000,   18.0000, 13.059123,    39, 10000,    31,    23,
   32.5000,    0.0000,  -10.1250,   20.2500, 11.752075,    39, 10000,    30,    21,
   34.0000,    0.0000,  -11.2500,   22.5000, 10.577353,    39, 10000,    29,    19,
   35.5000,    0.0000,  -12.3750,   24.7500, 12.528299,    39, 10000,    28,    17,
   38.5000,    0.0000,  -14.6250,   29.2500, 15.696695,    39, 10000,    26,    13,
   43.0000,    0.0000,  -18.0000,   36.0000, 21.631104,    39, 10000,    23,     7,
   44.5000,    0.0000,  -19.1250,   38.2500, 20.211479,    39, 10000,    22,     5,
   46.0000,    0.0000,  -20.2500,   40.5000, 19.698608,    39, 10000,    21,     3,
   47.5000,    0.0000,  -21.3750,   42.7500, 22.796900,    39, 10000,    20,     1,
   19.0000,    0.0000,   -1.1250,    2.2500, 10.509564,    40, 10000,    39,    38,
   20.5000,    0.0000,   -2.2500,    4.5000,  7.386700,    40, 10000,    38,    36,
   22.0000,    0.0000,   -3.3750,    6.7500, 12.448247,    40, 10000,    37,    34,
   23.5000,    0.0000,   -4.5000,    9.0000, 13.227786,    40, 10000,    36,    32,
   25.0000,    0.0000,   -5.6250,   11.2500, 13.383108,    40, 10000,    35,    30,
   26.5000,    0.0000,   -6.7500,   13.5000, 13.516114,    40, 10000,    34,    28,
   28.0000,    0.0000,   -7.8750,   15.7500,  9.044831,    40, 10000,    33,    26,
   31.0000,    0.0000,  -10.1250,   20.2500, 13.801253,    40, 10000,    31,    22,
   32.5000,    0.0000,  -11.2500,   22.5000,  9.868881,    40, 10000,    30,    20,
   34.0000,    0.0000,  -12.3750,   24.7500, 10.975511,    40, 10000,    29,    18,
   35.5000,    0.0000,  -13.5000,   27.0000, 11.854402,    40, 10000,    28,    16,
   38.5000,    0.0000,  -15.7500,   31.5000, 13.751152,    40, 10000,    26,    12,
   43.0000,    0.0000,  -19.1250,   38.2500, 21.528677,    40, 10000,    23,     6,
   44.5000,    0.0000,  -20.2500,   40.5000, 19.936388,    40, 10000,    22,     4,
   46.0000,    0.0000,  -21.3750,   42.7500, 19.579302,    40, 10000,    21,     2,
   17.5000,    0.0000,   -1.1250,    2.2500, 22.481197,    41, 10000,    40,    39,
   19.0000,    0.0000,   -2.2500,    4.5000,  7.747246,    41, 10000,    39,    37,
   20.5000,    0.0000,   -3.3750,    6.7500,  7.639518,    41, 10000,    38,    35,
   22.0000,    0.0000,   -4.5000,    9.0000, 13.790676,    41, 10000,    37,    33,
   23.5000,    0.0000,   -5.6250,   11.2500, 12.818871,    41, 10000,    36,    31,
   25.0000,    0.0000,   -6.7500,   13.5000, 13.957603,    41, 10000,    35,    29,
   29.5000,    0.0000,  -10.1250,   20.2500, 10.859128,    41, 10000,    32,    23,
   31.0000,    0.0000,  -11.2500,   22.5000, 14.198195,    41, 10000,    31,    21,
   32.5000,    0.0000,  -12.3750,   24.7500, 10.475462,    41, 10000,    30,    19,
   34.0000,    0.0000,  -13.5000,   27.0000, 11.045106,    41, 10000,    29,    17,
   35.5000,    0.0000,  -14.6250,   29.2500, 12.421193,    41, 10000,    28,    15,
   38.5000,    0.0000,  -16.8750,   33.7500, 14.685922,    41, 10000,    26,    11,
   43.0000,    0.0000,  -20.2500,   40.5000, 22.111828,    41, 10000,    23,     5,
   44.5000,    0.0000,  -21.3750,   42.7500, 20.553539,    41, 10000,    22,     3,
   46.0000,    0.0000,  -22.5000,   45.0000, 20.231611,    41, 10000,    21,     1,
   16.0000,    0.0000,   -1.1250,    2.2500, 67.784401,    42, 10000,    41,    40,
   17.5000,    0.0000,   -2.2500,    4.5000, 12.570727,    42, 10000,    40,    38,
   19.0000,    0.0000,   -3.3750,    6.7500,  8.134409,    42, 10000,    39,    36,
   20.5000,    0.0000,   -4.5000,    9.0000,  8.670606,    42, 10000,    38,    34,
   22.0000,    0.0000,   -5.6250,   11.2500, 13.002470,    42, 10000,    37,    32,
   23.5000,    0.0000,   -6.7500,   13.5000, 14.344045,    42, 10000,    36,    30,
   25.0000,    0.0000,   -7.8750,   15.7500, 14.457041,    42, 10000,    35,    28,
   26.5000,    0.0000,   -9.0000,   18.0000, 14.137362,    42, 10000,    34,    26,
   29.5000,    0.0000,  -11.2500,   22.5000, 12.578019,    42, 10000,    32,    22,
   31.0000,    0.0000,  -12.3750,   24.7500, 13.914944,    42, 10000,    31,    20,
   32.5000,    0.0000,  -13.5000,   27.0000, 11.951871,    42, 10000,    30,    18,
   34.0000,    0.0000,  -14.6250,   29.2500,  7.382586,    42, 10000,    29,    16,
   35.5000,    0.0000,  -15.7500,   31.5000,  9.022265,    42, 10000,    28,    14,
   38.5000,    0.0000,  -18.0000,   36.0000, 10.823656,    42, 10000,    26,    10,
   43.0000,    0.0000,  -21.3750,   42.7500, 19.415541,    42, 10000,    23,     4,
   44.5000,    0.0000,  -22.5000,   45.0000, 15.988880,    42, 10000,    22,     2,
   14.5000,    0.0000,   -1.1250,    2.2500, 24.055380,    43, 10000,    42,    41,
   16.0000,    0.0000,   -2.2500,    4.5000, 13.280778,    43, 10000,    41,    39,
   17.5000,    0.0000,   -3.3750,    6.7500,  8.158822,    43, 10000,    40,    37,
   19.0000,    0.0000,   -4.5000,    9.0000,  7.717413,    43, 10000,    39,    35,
   20.5000,    0.0000,   -5.6250,   11.2500,  9.730365,    43, 10000,    38,    33,
   22.0000,    0.0000,   -6.7500,   13.5000, 10.745914,    43, 10000,    37,    31,
   23.5000,    0.0000,   -7.8750,   15.7500, 12.986624,    43, 10000,    36,    29,
   28.0000,    0.0000,  -11.2500,   22.5000,  6.888527,    43, 10000,    33,    23,
   29.5000,    0.0000,  -12.3750,   24.7500, 10.123275,    43, 10000,    32,    21,
   31.0000,    0.0000,  -13.5000,   27.0000, 11.894757,    43, 10000,    31,    19,
   32.5000,    0.0000,  -14.6250,   29.2500,  9.846019,    43, 10000,    30,    17,
   34.0000,    0.0000,  -15.7500,   31.5000,  8.637222,    43, 10000,    29,    15,
   35.5000,    0.0000,  -16.8750,   33.7500, 11.302405,    43, 10000,    28,    13,
   38.5000,    0.0000,  -19.1250,   38.2500, 12.256879,    43, 10000,    26,     9,
   43.0000,    0.0000,  -22.5000,   45.0000, 17.768915,    43, 10000,    23,     3,
   44.5000,    0.0000,  -23.6250,   47.2500, 15.933557,    43, 10000,    22,     1,
   13.0000,    0.0000,   -1.1250,    2.2500, 41.652378,    44, 10000,    43,    42,
   14.5000,    0.0000,   -2.2500,    4.5000, 12.602637,    44, 10000,    42,    40,
   16.0000,    0.0000,   -3.3750,    6.7500, 10.821911,    44, 10000,    41,    38,
   17.5000,    0.0000,   -4.5000,    9.0000,  8.177104,    44, 10000,    40,    36,
   19.0000,    0.0000,   -5.6250,   11.2500,  8.602591,    44, 10000,    39,    34,
   20.5000,    0.0000,   -6.7500,   13.5000,  9.611484,    44, 10000,    38,    32,
   22.0000,    0.0000,   -7.8750,   15.7500, 12.115335,    44, 10000,    37,    30,
   23.5000,    0.0000,   -9.0000,   18.0000, 13.187806,    44, 10000,    36,    28,
   25.0000,    0.0000,  -10.1250,   20.2500, 12.920069,    44, 10000,    35,    26,
   28.0000,    0.0000,  -12.3750,   24.7500,  8.386952,    44, 10000,    33,    22,
   29.5000,    0.0000,  -13.5000,   27.0000, 10.248827,    44, 10000,    32,    20,
   31.0000,    0.0000,  -14.6250,   29.2500, 13.277519,    44, 10000,    31,    18,
   32.5000,    0.0000,  -15.7500,   31.5000,  8.765100,    44, 10000,    30,    16,
   34.0000,    0.0000,  -16.8750,   33.7500,  8.937608,    44, 10000,    29,    14,
   35.5000,    0.0000,  -18.0000,   36.0000, 10.074521,    44, 10000,    28,    12,
   38.5000,    0.0000,  -20.2500,   40.5000, 12.472937,    44, 10000,    26,     8,
   43.0000,    0.0000,  -23.6250,   47.2500, 17.736446,    44, 10000,    23,     2,
   11.5000,    0.0000,   -1.1250,    2.2500, 72.019379,    45, 10000,    44,    43,
   13.0000,    0.0000,   -2.2500,    4.5000, 13.011322,    45, 10000,    43,    41,
   14.5000,    0.0000,   -3.3750,    6.7500,  8.995238,    45, 10000,    42,    39,
   16.0000,    0.0000,   -4.5000,    9.0000,  8.847237,    45, 10000,    41,    37,
   17.5000,    0.0000,   -5.6250,   11.2500,  8.938776,    45, 10000,    40,    35,
   19.0000,    0.0000,   -6.7500,   13.5000, 11.371470,    45, 10000,    39,    33,
   20.5000,    0.0000,   -7.8750,   15.7500, 10.133284,    45, 10000,    38,    31,
   22.0000,    0.0000,   -9.0000,   18.0000, 13.849744,    45, 10000,    37,    29,
   26.5000,    0.0000,  -12.3750,   24.7500, 11.781296,    45, 10000,    34,    23,
   28.0000,    0.0000,  -13.5000,   27.0000,  9.205835,    45, 10000,    33,    21,
   29.5000,    0.0000,  -14.6250,   29.2500,  9.778417,    45, 10000,    32,    19,
   31.0000,    0.0000,  -15.7500,   31.5000, 13.029287,    45, 10000,    31,    17,
   32.5000,    0.0000,  -16.8750,   33.7500, 10.609376,    45, 10000,    30,    15,
   34.0000,    0.0000,  -18.0000,   36.0000, 12.100436,    45, 10000,    29,    13,
   35.5000,    0.0000,  -19.1250,   38.2500, 12.458568,    45, 10000,    28,    11,
   38.5000,    0.0000,  -21.3750,   42.7500, 15.131597,    45, 10000,    26,     7,
   43.0000,    0.0000,  -24.7500,   49.5000, 19.283447,    45, 10000,    23,     1,
   10.0000,    0.0000,   -1.1250,    2.2500, 41.497459,    46, 10000,    45,    44,
   11.5000,    0.0000,   -2.2500,    4.5000, 26.445366,    46, 10000,    44,    42,
   13.0000,    0.0000,   -3.3750,    6.7500,  9.824735,    46, 10000,    43,    40,
   14.5000,    0.0000,   -4.5000,    9.0000,  8.477933,    46, 10000,    42,    38,
   16.0000,    0.0000,   -5.6250,   11.2500,  8.474972,    46, 10000,    41,    36,
   17.5000,    0.0000,   -6.7500,   13.5000,  8.408687,    46, 10000,    40,    34,
   19.0000,    0.0000,   -7.8750,   15.7500, 10.067309,    46, 10000,    39,    32,
   20.5000,    0.0000,   -9.0000,   18.0000,  9.703080,    46, 10000,    38,    30,
   22.0000,    0.0000,  -10.1250,   20.2500, 11.261333,    46, 10000,    37,    28,
   23.5000,    0.0000,  -11.2500,   22.5000, 12.072140,    46, 10000,    36,    26,
   26.5000,    0.0000,  -13.5000,   27.0000, 11.396480,    46, 10000,    34,    22,
   28.0000,    0.0000,  -14.6250,   29.2500,  8.141873,    46, 10000,    33,    20,
   29.5000,    0.0000,  -15.7500,   31.5000,  9.685046,    46, 10000,    32,    18,
   31.0000,    0.0000,  -16.8750,   33.7500, 12.241620,    46, 10000,    31,    16,
   32.5000,    0.0000,  -18.0000,   36.0000, 10.832930,    46, 10000,    30,    14,
   34.0000,    0.0000,  -19.1250,   38.2500, 11.164996,    46, 10000,    29,    12,
   35.5000,    0.0000,  -20.2500,   40.5000, 12.561033,    46, 10000,    28,    10,
   38.5000,    0.0000,  -22.5000,   45.0000, 14.349011,    46, 10000,    26,     6,
    8.5000,    0.0000,   -1.1250,    2.2500,152.221832,    47, 10000,    46,    45,
   10.0000,    0.0000,   -2.2500,    4.5000, 18.248360,    47, 10000,    45,    43,
   11.5000,    0.0000,   -3.3750,    6.7500, 10.374870,    47, 10000,    44,    41,
   13.0000,    0.0000,   -4.5000,    9.0000,  7.353003,    47, 10000,    43,    39,
   14.5000,    0.0000,   -5.6250,   11.2500,  6.122829,    47, 10000,    42,    37,
   16.0000,    0.0000,   -6.7500,   13.5000,  8.055129,    47, 10000,    41,    35,
   17.5000,    0.0000,   -7.8750,   15.7500, 11.375394,    47, 10000,    40,    33,
   19.0000,    0.0000,   -9.0000,   18.0000, 12.956751,    47, 10000,    39,    31,
   20.5000,    0.0000,  -10.1250,   20.2500, 14.449702,    47, 10000,    38,    29,
   25.0000,    0.0000,  -13.5000,   27.0000, 16.107771,    47, 10000,    35,    23,
   26.5000,    0.0000,  -14.6250,   29.2500, 17.145739,    47, 10000,    34,    21,
   28.0000,    0.0000,  -15.7500,   31.5000, 12.887708,    47, 10000,    33,    19,
   29.5000,    0.0000,  -16.8750,   33.7500, 12.025017,    47, 10000,    32,    17,
   31.0000,    0.0000,  -18.0000,   36.0000, 13.045293,    47, 10000,    31,    15,
   32.5000,    0.0000,  -19.1250,   38.2500, 12.474352,    47, 10000,    30,    13,
   34.0000,    0.0000,  -20.2500,   40.5000, 11.858799,    47, 10000,    29,    11,
   35.5000,    0.0000,  -21.3750,   42.7500, 13.570569,    47, 10000,    28,     9,
   38.5000,    0.0000,  -23.6250,   47.2500, 15.647398,    47, 10000,    26,     5,
    7.0000,    0.0000,   -1.1250,    2.2500, 63.467396,    48, 10000,    47,    46,
    8.5000,    0.0000,   -2.2500,    4.5000, 99.216965,    48, 10000,    46,    44,
   10.0000,    0.0000,   -3.3750,    6.7500, 12.150580,    48, 10000,    45,    42,
   11.5000,    0.0000,   -4.5000,    9.0000,  8.403819,    48, 10000,    44,    40,
   13.0000,    0.0000,   -5.6250,   11.2500,  7.572322,    48, 10000,    43,    38,
   14.5000,    0.0000,   -6.7500,   13.5000,  8.117282,    48, 10000,    42,    36,
   16.0000,    0.0000,   -7.8750,   15.7500,  9.370560,    48, 10000,    41,    34,
   17.5000,    0.0000,   -9.0000,   18.0000, 11.111660,    48, 10000,    40,    32,
   19.0000,    0.0000,  -10.1250,   20.2500, 10.897132,    48, 10000,    39,    30,
   20.5000,    0.0000,  -11.2500,   22.5000, 10.619462,    48, 10000,    38,    28,
   22.0000,    0.0000,  -12.3750,   24.7500, 12.907650,    48, 10000,    37,    26,
   25.0000,    0.0000,  -14.6250,   29.2500, 12.280026,    48, 10000,    35,    22,
   26.5000,    0.0000,  -15.7500,   31.5000, 11.743005,    48, 10000,    34,    20,
   28.0000,    0.0000,  -16.8750,   33.7500,  9.670712,    48, 10000,    33,    18,
   29.5000,    0.0000,  -18.0000,   36.0000,  9.593214,    48, 10000,    32,    16,
   31.0000,    0.0000,  -19.1250,   38.2500, 12.860865,    48, 10000,    31,    14,
   32.5000,    0.0000,  -20.2500,   40.5000, 11.727759,    48, 10000,    30,    12,
   34.0000,    0.0000,  -21.3750,   42.7500, 12.269643,    48, 10000,    29,    10,
   35.5000,    0.0000,  -22.5000,   45.0000, 13.599502,    48, 10000,    28,     8,
   38.5000,    0.0000,  -24.7500,   49.5000, 15.026671,    48, 10000,    26,     4,
   74.5000,    0.0000,   -1.1250,    2.2500,  9.741662,     1, 10000,     2,     3,
   73.0000,    0.0000,   -2.2500,    4.5000,  9.723866,     1, 10000,     3,     5,
   71.5000,    0.0000,   -3.3750,    6.7500, 11.700811,     1, 10000,     4,     7,
   70.0000,    0.0000,   -4.5000,    9.0000, 12.512341,     1, 10000,     5,     9,
   68.5000,    0.0000,   -5.6250,   11.2500, 13.310479,     1, 10000,     6,    11,
   67.0000,    0.0000,   -6.7500,   13.5000, 16.590931,     1, 10000,     7,    13,
   65.5000,    0.0000,   -7.8750,   15.7500, 14.061647,     1, 10000,     8,    15,
   64.0000,    0.0000,   -9.0000,   18.0000, 13.892058,     1, 10000,     9,    17,
   62.5000,    0.0000,  -10.1250,   20.2500, 14.510831,     1, 10000,    10,    19,
   61.0000,    0.0000,  -11.2500,   22.5000, 14.589992,     1, 10000,    11,    21,
   59.5000,    0.0000,  -12.3750,   24.7500, 13.794029,     1, 10000,    12,    23,
   55.0000,    0.0000,  -15.7500,   31.5000, 11.709527,     1, 10000,    15,    29,
   53.5000,    0.0000,  -16.8750,   33.7500, 10.471398,     1, 10000,    16,    31,
   52.0000,    0.0000,  -18.0000,   36.0000, 10.561121,     1, 10000,    17,    33,
   50.5000,    0.0000,  -19.1250,   38.2500, 10.126069,     1, 10000,    18,    35,
   49.0000,    0.0000,  -20.2500,   40.5000,  8.359828,     1, 10000,    19,    37,
   47.5000,    0.0000,  -21.3750,   42.7500, 11.172941,     1, 10000,    20,    39,
   46.0000,    0.0000,  -22.5000,   45.0000,  9.334479,     1, 10000,    21,    41,
   44.5000,    0.0000,  -23.6250,   47.2500,  9.804257,     1, 10000,    22,    43,
   43.0000,    0.0000,  -24.7500,   49.5000, 10.587797,     1, 10000,    23,    45,
   73.0000,    0.0000,   -1.1250,    2.2500, 13.433998,     2, 10000,     3,     4,
   71.5000,    0.0000,   -2.2500,    4.5000, 15.653419,     2, 10000,     4,     6,
   70.0000,    0.0000,   -3.3750,    6.7500, 13.108143,     2, 10000,     5,     8,
   68.5000,    0.0000,   -4.5000,    9.0000, 13.053002,     2, 10000,     6,    10,
   67.0000,    0.0000,   -5.6250,   11.2500, 15.067840,     2, 10000,     7,    12,
   65.5000,    0.0000,   -6.7500,   13.5000, 14.678085,     2, 10000,     8,    14,
   64.0000,    0.0000,   -7.8750,   15.7500, 14.471879,     2, 10000,     9,    16,
   62.5000,    0.0000,   -9.0000,   18.0000, 15.640049,     2, 10000,    10,    18,
   61.0000,    0.0000,  -10.1250,   20.2500, 14.476980,     2, 10000,    11,    20,
   59.5000,    0.0000,  -11.2500,   22.5000, 15.173134,     2, 10000,    12,    22,
   56.5000,    0.0000,  -13.5000,   27.0000, 12.270527,     2, 10000,    14,    26,
   55.0000,    0.0000,  -14.6250,   29.2500, 12.581778,     2, 10000,    15,    28,
   53.5000,    0.0000,  -15.7500,   31.5000, 11.895242,     2, 10000,    16,    30,
   52.0000,    0.0000,  -16.8750,   33.7500, 10.988670,     2, 10000,    17,    32,
   50.5000,    0.0000,  -18.0000,   36.0000, 10.115376,     2, 10000,    18,    34,
   49.0000,    0.0000,  -19.1250,   38.2500, 10.976263,     2, 10000,    19,    36,
   47.5000,    0.0000,  -20.2500,   40.5000, 11.538244,     2, 10000,    20,    38,
   46.0000,    0.0000,  -21.3750,   42.7500,  9.242141,     2, 10000,    21,    40,
   44.5000,    0.0000,  -22.5000,   45.0000,  9.698306,     2, 10000,    22,    42,
   43.0000,    0.0000,  -23.6250,   47.2500, 11.019816,     2, 10000,    23,    44,
   71.5000,    0.0000,   -1.1250,    2.2500, 16.855303,     3, 10000,     4,     5,
   70.0000,    0.0000,   -2.2500,    4.5000, 11.738536,     3, 10000,     5,     7,
   68.5000,    0.0000,   -3.3750,    6.7500, 11.573210,     3, 10000,     6,     9,
   67.0000,    0.0000,   -4.5000,    9.0000, 13.408948,     3, 10000,     7,    11,
   65.5000,    0.0000,   -5.6250,   11.2500, 14.932026,     3, 10000,     8,    13,
   64.0000,    0.0000,   -6.7500,   13.5000, 13.099727,     3, 10000,     9,    15,
   62.5000,    0.0000,   -7.8750,   15.7500, 14.663293,     3, 10000,    10,    17,
   61.0000,    0.0000,   -9.0000,   18.0000, 14.269566,     3, 10000,    11,    19,
   59.5000,    0.0000,  -10.1250,   20.2500, 14.804671,     3, 10000,    12,    21,
   58.0000,    0.0000,  -11.2500,   22.5000,  9.457220,     3, 10000,    13,    23,
   53.5000,    0.0000,  -14.6250,   29.2500, 11.997316,     3, 10000,    16,    29,
   52.0000,    0.0000,  -15.7500,   31.5000, 11.284277,     3, 10000,    17,    31,
   50.5000,    0.0000,  -16.8750,   33.7500, 10.378619,     3, 10000,    18,    33,
   49.0000,    0.0000,  -18.0000,   36.0000, 10.357903,     3, 10000,    19,    35,
   47.5000,    0.0000,  -19.1250,   38.2500, 11.284044,     3, 10000,    20,    37,
   46.0000,    0.0000,  -20.2500,   40.5000,  9.202622,     3, 10000,    21,    39,
   44.5000,    0.0000,  -21.3750,   42.7500,  9.250754,     3, 10000,    22,    41,
   43.0000,    0.0000,  -22.5000,   45.0000, 10.999393,     3, 10000,    23,    43,
   70.0000,    0.0000,   -1.1250,    2.2500, 15.046401,     4, 10000,     5,     6,
   68.5000,    0.0000,   -2.2500,    4.5000,  9.482636,     4, 10000,     6,     8,
   67.0000,    0.0000,   -3.3750,    6.7500, 11.551281,     4, 10000,     7,    10,
   65.5000,    0.0000,   -4.5000,    9.0000, 11.540874,     4, 10000,     8,    12,
   64.0000,    0.0000,   -5.6250,   11.2500, 12.543050,     4, 10000,     9,    14,
   62.5000,    0.0000,   -6.7500,   13.5000, 14.274322,     4, 10000,    10,    16,
   61.0000,    0.0000,   -7.8750,   15.7500, 14.213651,     4, 10000,    11,    18,
   59.5000,    0.0000,   -9.0000,   18.0000, 13.766542,     4, 10000,    12,    20,
   58.0000,    0.0000,  -10.1250,   20.2500, 10.058617,     4, 10000,    13,    22,
   55.0000,    0.0000,  -12.3750,   24.7500, 12.269707,     4, 10000,    15,    26,
   53.5000,    0.0000,  -13.5000,   27.0000, 11.445859,     4, 10000,    16,    28,
   52.0000,    0.0000,  -14.6250,   29.2500, 11.627344,     4, 10000,    17,    30,
   50.5000,    0.0000,  -15.7500,   31.5000, 10.600711,     4, 10000,    18,    32,
   49.0000,    0.0000,  -16.8750,   33.7500, 10.335558,     4, 10000,    19,    34,
   47.5000,    0.0000,  -18.0000,   36.0000, 11.607026,     4, 10000,    20,    36,
   46.0000,    0.0000,  -19.1250,   38.2500,  9.352522,     4, 10000,    21,    38,
   44.5000,    0.0000,  -20.2500,   40.5000,  9.673024,     4, 10000,    22,    40,
   43.0000,    0.0000,  -21.3750,   42.7500, 11.013349,     4, 10000,    23,    42,
   38.5000,    0.0000,  -24.7500,   49.5000, 12.723007,     4, 10000,    26,    48,
   68.5000,    0.0000,   -1.1250,    2.2500,  6.875119,     5, 10000,     6,     7,
   67.0000,    0.0000,   -2.2500,    4.5000,  9.732353,     5, 10000,     7,     9,
   65.5000,    0.0000,   -3.3750,    6.7500,  9.543560,     5, 10000,     8,    11,
   64.0000,    0.0000,   -4.5000,    9.0000, 12.520056,     5, 10000,     9,    13,
   62.5000,    0.0000,   -5.6250,   11.2500, 12.493067,     5, 10000,    10,    15,
   61.0000,    0.0000,   -6.7500,   13.5000, 12.935261,     5, 10000,    11,    17,
   59.5000,    0.0000,   -7.8750,   15.7500, 13.134411,     5, 10000,    12,    19,
   58.0000,    0.0000,   -9.0000,   18.0000,  9.602904,     5, 10000,    13,    21,
   56.5000,    0.0000,  -10.1250,   20.2500, 12.041709,     5, 10000,    14,    23,
   52.0000,    0.0000,  -13.5000,   27.0000, 11.104862,     5, 10000,    17,    29,
   50.5000,    0.0000,  -14.6250,   29.2500, 10.035306,     5, 10000,    18,    31,
   49.0000,    0.0000,  -15.7500,   31.5000, 10.863766,     5, 10000,    19,    33,
   47.5000,    0.0000,  -16.8750,   33.7500, 11.109533,     5, 10000,    20,    35,
   46.0000,    0.0000,  -18.0000,   36.0000,  9.440411,     5, 10000,    21,    37,
   44.5000,    0.0000,  -19.1250,   38.2500,  9.725344,     5, 10000,    22,    39,
   43.0000,    0.0000,  -20.2500,   40.5000, 10.864882,     5, 10000,    23,    41,
   38.5000,    0.0000,  -23.6250,   47.2500, 12.576042,     5, 10000,    26,    47,
   67.0000,    0.0000,   -1.1250,    2.2500, 11.344649,     6, 10000,     7,     8,
   65.5000,    0.0000,   -2.2500,    4.5000,  9.105376,     6, 10000,     8,    10,
   64.0000,    0.0000,   -3.3750,    6.7500, 10.601664,     6, 10000,     9,    12,
   62.5000,    0.0000,   -4.5000,    9.0000, 13.310785,     6, 10000,    10,    14,
   61.0000,    0.0000,   -5.6250,   11.2500, 13.656079,     6, 10000,    11,    16,
   59.5000,    0.0000,   -6.7500,   13.5000, 14.346149,     6, 10000,    12,    18,
   58.0000,    0.0000,   -7.8750,   15.7500,  8.809088,     6, 10000,    13,    20,
   56.5000,    0.0000,   -9.0000,   18.0000, 13.693851,     6, 10000,    14,    22,
   53.5000,    0.0000,  -11.2500,   22.5000, 11.477970,     6, 10000,    16,    26,
   52.0000,    0.0000,  -12.3750,   24.7500, 11.517267,     6, 10000,    17,    28,
   50.5000,    0.0000,  -13.5000,   27.0000, 11.697997,     6, 10000,    18,    30,
   49.0000,    0.0000,  -14.6250,   29.2500, 11.160211,     6, 10000,    19,    32,
   47.5000,    0.0000,  -15.7500,   31.5000, 10.958315,     6, 10000,    20,    34,
   46.0000,    0.0000,  -16.8750,   33.7500,  8.498791,     6, 10000,    21,    36,
   44.5000,    0.0000,  -18.0000,   36.0000,  9.267360,     6, 10000,    22,    38,
   43.0000,    0.0000,  -19.1250,   38.2500, 10.266735,     6, 10000,    23,    40,
   38.5000,    0.0000,  -22.5000,   45.0000, 12.536378,     6, 10000,    26,    46,
   65.5000,    0.0000,   -1.1250,    2.2500,  8.376891,     7, 10000,     8,     9,
   64.0000,    0.0000,   -2.2500,    4.5000,  9.804999,     7, 10000,     9,    11,
   62.5000,    0.0000,   -3.3750,    6.7500, 14.594210,     7, 10000,    10,    13,
   61.0000,    0.0000,   -4.5000,    9.0000, 12.691004,     7, 10000,    11,    15,
   59.5000,    0.0000,   -5.6250,   11.2500, 14.128015,     7, 10000,    12,    17,
   58.0000,    0.0000,   -6.7500,   13.5000,  9.192635,     7, 10000,    13,    19,
   56.5000,    0.0000,   -7.8750,   15.7500, 14.252516,     7, 10000,    14,    21,
   55.0000,    0.0000,   -9.0000,   18.0000, 13.820821,     7, 10000,    15,    23,
   50.5000,    0.0000,  -12.3750,   24.7500, 12.159426,     7, 10000,    18,    29,
   49.0000,    0.0000,  -13.5000,   27.0000, 11.447350,     7, 10000,    19,    31,
   47.5000,    0.0000,  -14.6250,   29.2500, 12.603795,     7, 10000,    20,    33,
   46.0000,    0.0000,  -15.7500,   31.5000,  8.486314,     7, 10000,    21,    35,
   44.5000,    0.0000,  -16.8750,   33.7500, 10.269724,     7, 10000,    22,    37,
   43.0000,    0.0000,  -18.0000,   36.0000, 10.817340,     7, 10000,    23,    39,
   38.5000,    0.0000,  -21.3750,   42.7500, 13.309010,     7, 10000,    26,    45,
   64.0000,    0.0000,   -1.1250,    2.2500, 11.572439,     8, 10000,     9,    10,
   62.5000,    0.0000,   -2.2500,    4.5000, 12.297207,     8, 10000,    10,    12,
   61.0000,    0.0000,   -3.3750,    6.7500, 12.701273,     8, 10000,    11,    14,
   59.5000,    0.0000,   -4.5000,    9.0000, 14.074443,     8, 10000,    12,    16,
   58.0000,    0.0000,   -5.6250,   11.2500,  9.512734,     8, 10000,    13,    18,
   56.5000,    0.0000,   -6.7500,   13.5000, 13.139539,     8, 10000,    14,    20,
   55.0000,    0.0000,   -7.8750,   15.7500, 14.990113,     8, 10000,    15,    22,
   52.0000,    0.0000,  -10.1250,   20.2500, 12.546438,     8, 10000,    17,    26,
   50.5000,    0.0000,  -11.2500,   22.5000, 12.184417,     8, 10000,    18,    28,
   49.0000,    0.0000,  -12.3750,   24.7500, 13.485921,     8, 10000,    19,    30,
   47.5000,    0.0000,  -13.5000,   27.0000, 13.172632,     8, 10000,    20,    32,
   46.0000,    0.0000,  -14.6250,   29.2500,  9.346970,     8, 10000,    21,    34,
   44.5000,    0.0000,  -15.7500,   31.5000, 10.747695,     8, 10000,    22,    36,
   43.0000,    0.0000,  -16.8750,   33.7500, 12.668582,     8, 10000,    23,    38,
   38.5000,    0.0000,  -20.2500,   40.5000, 13.921537,     8, 10000,    26,    44,
   35.5000,    0.0000,  -22.5000,   45.0000, 13.272737,     8, 10000,    28,    48,
   62.5000,    0.0000,   -1.1250,    2.2500, 10.938119,     9, 10000,    10,    11,
   61.0000,    0.0000,   -2.2500,    4.5000, 12.378456,     9, 10000,    11,    13,
   59.5000,    0.0000,   -3.3750,    6.7500, 11.594038,     9, 10000,    12,    15,
   58.0000,    0.0000,   -4.5000,    9.0000,  8.040277,     9, 10000,    13,    17,
   56.5000,    0.0000,   -5.6250,   11.2500, 12.271284,     9, 10000,    14,    19,
   55.0000,    0.0000,   -6.7500,   13.5000, 14.216699,     9, 10000,    15,    21,
   53.5000,    0.0000,   -7.8750,   15.7500, 12.296962,     9, 10000,    16,    23,
   49.0000,    0.0000,  -11.2500,   22.5000, 12.499641,     9, 10000,    19,    29,
   47.5000,    0.0000,  -12.3750,   24.7500, 12.428850,     9, 10000,    20,    31,
   46.0000,    0.0000,  -13.5000,   27.0000,  9.302843,     9, 10000,    21,    33,
   44.5000,    0.0000,  -14.6250,   29.2500,  8.739198,     9, 10000,    22,    35,
   43.0000,    0.0000,  -15.7500,   31.5000, 11.825607,     9, 10000,    23,    37,
   38.5000,    0.0000,  -19.1250,   38.2500, 13.863626,     9, 10000,    26,    43,
   35.5000,    0.0000,  -21.3750,   42.7500, 12.562130,     9, 10000,    28,    47,
   61.0000,    0.0000,   -1.1250,    2.2500,  9.300381,    10, 10000,    11,    12,
   59.5000,    0.0000,   -2.2500,    4.5000, 11.100266,    10, 10000,    12,    14,
   58.0000,    0.0000,   -3.3750,    6.7500,  7.413187,    10, 10000,    13,    16,
   56.5000,    0.0000,   -4.5000,    9.0000, 12.364692,    10, 10000,    14,    18,
   55.0000,    0.0000,   -5.6250,   11.2500, 12.830395,    10, 10000,    15,    20,
   53.5000,    0.0000,   -6.7500,   13.5000, 13.456030,    10, 10000,    16,    22,
   50.5000,    0.0000,   -9.0000,   18.0000, 11.787930,    10, 10000,    18,    26,
   49.0000,    0.0000,  -10.1250,   20.2500, 12.890669,    10, 10000,    19,    28,
   47.5000,    0.0000,  -11.2500,   22.5000, 14.644520,    10, 10000,    20,    30,
   46.0000,    0.0000,  -12.3750,   24.7500, 10.317207,    10, 10000,    21,    32,
   44.5000,    0.0000,  -13.5000,   27.0000,  9.810790,    10, 10000,    22,    34,
   43.0000,    0.0000,  -14.6250,   29.2500, 12.628259,    10, 10000,    23,    36,
   38.5000,    0.0000,  -18.0000,   36.0000, 14.377709,    10, 10000,    26,    42,
   35.5000,    0.0000,  -20.2500,   40.5000, 14.803882,    10, 10000,    28,    46,
   34.0000,    0.0000,  -21.3750,   42.7500, 13.292161,    10, 10000,    29,    48,
   59.5000,    0.0000,   -1.1250,    2.2500, 14.675970,    11, 10000,    12,    13,
   58.0000,    0.0000,   -2.2500,    4.5000,  6.811608,    11, 10000,    13,    15,
   56.5000,    0.0000,   -3.3750,    6.7500, 11.701551,    11, 10000,    14,    17,
   55.0000,    0.0000,   -4.5000,    9.0000, 13.008824,    11, 10000,    15,    19,
   53.5000,    0.0000,   -5.6250,   11.2500, 13.670161,    11, 10000,    16,    21,
   52.0000,    0.0000,   -6.7500,   13.5000, 12.930636,    11, 10000,    17,    23,
   47.5000,    0.0000,  -10.1250,   20.2500, 14.711302,    11, 10000,    20,    29,
   46.0000,    0.0000,  -11.2500,   22.5000,  9.956680,    11, 10000,    21,    31,
   44.5000,    0.0000,  -12.3750,   24.7500, 10.599028,    11, 10000,    22,    33,
   43.0000,    0.0000,  -13.5000,   27.0000, 11.531213,    11, 10000,    23,    35,
   38.5000,    0.0000,  -16.8750,   33.7500, 14.692628,    11, 10000,    26,    41,
   35.5000,    0.0000,  -19.1250,   38.2500, 14.685459,    11, 10000,    28,    45,
   34.0000,    0.0000,  -20.2500,   40.5000, 12.689433,    11, 10000,    29,    47,
   58.0000,    0.0000,   -1.1250,    2.2500,  7.489576,    12, 10000,    13,    14,
   56.5000,    0.0000,   -2.2500,    4.5000, 10.327205,    12, 10000,    14,    16,
   55.0000,    0.0000,   -3.3750,    6.7500, 11.794555,    12, 10000,    15,    18,
   53.5000,    0.0000,   -4.5000,    9.0000, 10.663605,    12, 10000,    16,    20,
   52.0000,    0.0000,   -5.6250,   11.2500, 13.074625,    12, 10000,    17,    22,
   49.0000,    0.0000,   -7.8750,   15.7500, 12.110858,    12, 10000,    19,    26,
   47.5000,    0.0000,   -9.0000,   18.0000, 13.988147,    12, 10000,    20,    28,
   46.0000,    0.0000,  -10.1250,   20.2500, 11.077456,    12, 10000,    21,    30,
   44.5000,    0.0000,  -11.2500,   22.5000, 10.418227,    12, 10000,    22,    32,
   43.0000,    0.0000,  -12.3750,   24.7500, 11.060746,    12, 10000,    23,    34,
   38.5000,    0.0000,  -15.7500,   31.5000, 14.994918,    12, 10000,    26,    40,
   35.5000,    0.0000,  -18.0000,   36.0000, 15.387362,    12, 10000,    28,    44,
   34.0000,    0.0000,  -19.1250,   38.2500, 14.184299,    12, 10000,    29,    46,
   32.5000,    0.0000,  -20.2500,   40.5000, 14.022227,    12, 10000,    30,    48,
   56.5000,    0.0000,   -1.1250,    2.2500,  9.587751,    13, 10000,    14,    15,
   55.0000,    0.0000,   -2.2500,    4.5000,  8.563952,    13, 10000,    15,    17,
   53.5000,    0.0000,   -3.3750,    6.7500,  8.007766,    13, 10000,    16,    19,
   52.0000,    0.0000,   -4.5000,    9.0000,  9.778749,    13, 10000,    17,    21,
   50.5000,    0.0000,   -5.6250,   11.2500,  9.654663,    13, 10000,    18,    23,
   46.0000,    0.0000,   -9.0000,   18.0000,  8.585610,    13, 10000,    21,    29,
   44.5000,    0.0000,  -10.1250,   20.2500,  8.572681,    13, 10000,    22,    31,
   43.0000,    0.0000,  -11.2500,   22.5000,  9.969450,    13, 10000,    23,    33,
   38.5000,    0.0000,  -14.6250,   29.2500, 13.169632,    13, 10000,    26,    39,
   35.5000,    0.0000,  -16.8750,   33.7500, 14.519834,    13, 10000,    28,    43,
   34.0000,    0.0000,  -18.0000,   36.0000, 13.576376,    13, 10000,    29,    45,
   32.5000,    0.0000,  -19.1250,   38.2500, 13.650076,    13, 10000,    30,    47,
   55.0000,    0.0000,   -1.1250,    2.2500, 11.969004,    14, 10000,    15,    16,
   53.5000,    0.0000,   -2.2500,    4.5000,  9.347019,    14, 10000,    16,    18,
   52.0000,    0.0000,   -3.3750,    6.7500,  9.349630,    14, 10000,    17,    20,
   50.5000,    0.0000,   -4.5000,    9.0000, 12.093238,    14, 10000,    18,    22,
   47.5000,    0.0000,   -6.7500,   13.5000, 12.514159,    14, 10000,    20,    26,
   46.0000,    0.0000,   -7.8750,   15.7500,  9.476858,    14, 10000,    21,    28,
   44.5000,    0.0000,   -9.0000,   18.0000, 11.181794,    14, 10000,    22,    30,
   43.0000,    0.0000,  -10.1250,   20.2500, 12.198304,    14, 10000,    23,    32,
   38.5000,    0.0000,  -13.5000,   27.0000, 16.424219,    14, 10000,    26,    38,
   35.5000,    0.0000,  -15.7500,   31.5000, 15.451813,    14, 10000,    28,    42,
   34.0000,    0.0000,  -16.8750,   33.7500, 14.724574,    14, 10000,    29,    44,
   32.5000,    0.0000,  -18.0000,   36.0000, 15.182210,    14, 10000,    30,    46,
   31.0000,    0.0000,  -19.1250,   38.2500, 18.205908,    14, 10000,    31,    48,
   53.5000,    0.0000,   -1.1250,    2.2500, 10.439740,    15, 10000,    16,    17,
   52.0000,    0.0000,   -2.2500,    4.5000,  8.931949,    15, 10000,    17,    19,
   50.5000,    0.0000,   -3.3750,    6.7500, 11.457033,    15, 10000,    18,    21,
   49.0000,    0.0000,   -4.5000,    9.0000, 11.420135,    15, 10000,    19,    23,
   44.5000,    0.0000,   -7.8750,   15.7500, 10.973460,    15, 10000,    22,    29,
   43.0000,    0.0000,   -9.0000,   18.0000, 11.860259,    15, 10000,    23,    31,
   38.5000,    0.0000,  -12.3750,   24.7500, 18.316408,    15, 10000,    26,    37,
   35.5000,    0.0000,  -14.6250,   29.2500, 15.749132,    15, 10000,    28,    41,
   34.0000,    0.0000,  -15.7500,   31.5000, 15.084146,    15, 10000,    29,    43,
   32.5000,    0.0000,  -16.8750,   33.7500, 14.736110,    15, 10000,    30,    45,
   31.0000,    0.0000,  -18.0000,   36.0000, 18.207716,    15, 10000,    31,    47,
   52.0000,    0.0000,   -1.1250,    2.2500, 18.245054,    16, 10000,    17,    18,
   50.5000,    0.0000,   -2.2500,    4.5000, 10.530850,    16, 10000,    18,    20,
   49.0000,    0.0000,   -3.3750,    6.7500, 11.219296,    16, 10000,    19,    22,
   46.0000,    0.0000,   -5.6250,   11.2500,  7.388855,    16, 10000,    21,    26,
   44.5000,    0.0000,   -6.7500,   13.5000,  8.965624,    16, 10000,    22,    28,
   43.0000,    0.0000,   -7.8750,   15.7500, 12.355967,    16, 10000,    23,    30,
   38.5000,    0.0000,  -11.2500,   22.5000, 14.892988,    16, 10000,    26,    36,
   35.5000,    0.0000,  -13.5000,   27.0000, 14.658816,    16, 10000,    28,    40,
   34.0000,    0.0000,  -14.6250,   29.2500, 13.208769,    16, 10000,    29,    42,
   32.5000,    0.0000,  -15.7500,   31.5000, 14.133794,    16, 10000,    30,    44,
   31.0000,    0.0000,  -16.8750,   33.7500, 17.878456,    16, 10000,    31,    46,
   29.5000,    0.0000,  -18.0000,   36.0000, 17.808958,    16, 10000,    32,    48,
   50.5000,    0.0000,   -1.1250,    2.2500, 41.393505,    17, 10000,    18,    19,
   49.0000,    0.0000,   -2.2500,    4.5000, 14.082097,    17, 10000,    19,    21,
   47.5000,    0.0000,   -3.3750,    6.7500, 12.058084,    17, 10000,    20,    23,
   43.0000,    0.0000,   -6.7500,   13.5000, 11.467579,    17, 10000,    23,    29,
   38.5000,    0.0000,  -10.1250,   20.2500, 11.981534,    17, 10000,    26,    35,
   35.5000,    0.0000,  -12.3750,   24.7500, 11.792357,    17, 10000,    28,    39,
   34.0000,    0.0000,  -13.5000,   27.0000, 10.059401,    17, 10000,    29,    41,
   32.5000,    0.0000,  -14.6250,   29.2500, 11.206156,    17, 10000,    30,    43,
   31.0000,    0.0000,  -15.7500,   31.5000, 13.175319,    17, 10000,    31,    45,
   29.5000,    0.0000,  -16.8750,   33.7500, 14.298001,    17, 10000,    32,    47,
   49.0000,    0.0000,   -1.1250,    2.2500, 38.547234,    18, 10000,    19,    20,
   47.5000,    0.0000,   -2.2500,    4.5000, 15.038687,    18, 10000,    20,    22,
   44.5000,    0.0000,   -4.5000,    9.0000,  6.125141,    18, 10000,    22,    26,
   43.0000,    0.0000,   -5.6250,   11.2500,  9.454313,    18, 10000,    23,    28,
   38.5000,    0.0000,   -9.0000,   18.0000, 13.398042,    18, 10000,    26,    34,
   35.5000,    0.0000,  -11.2500,   22.5000, 14.687668,    18, 10000,    28,    38,
   34.0000,    0.0000,  -12.3750,   24.7500, 12.684581,    18, 10000,    29,    40,
   32.5000,    0.0000,  -13.5000,   27.0000, 12.732505,    18, 10000,    30,    42,
   31.0000,    0.0000,  -14.6250,   29.2500, 17.196138,    18, 10000,    31,    44,
   29.5000,    0.0000,  -15.7500,   31.5000, 17.702141,    18, 10000,    32,    46,
   28.0000,    0.0000,  -16.8750,   33.7500, 15.566896,    18, 10000,    33,    48,
   47.5000,    0.0000,   -1.1250,    2.2500, 37.575466,    19, 10000,    20,    21,
   46.0000,    0.0000,   -2.2500,    4.5000,  8.943207,    19, 10000,    21,    23,
   38.5000,    0.0000,   -7.8750,   15.7500, 14.878289,    19, 10000,    26,    33,
   35.5000,    0.0000,  -10.1250,   20.2500, 11.881167,    19, 10000,    28,    37,
   34.0000,    0.0000,  -11.2500,   22.5000, 12.087001,    19, 10000,    29,    39,
   32.5000,    0.0000,  -12.3750,   24.7500, 12.428877,    19, 10000,    30,    41,
   31.0000,    0.0000,  -13.5000,   27.0000, 17.664225,    19, 10000,    31,    43,
   29.5000,    0.0000,  -14.6250,   29.2500, 16.992294,    19, 10000,    32,    45,
   28.0000,    0.0000,  -15.7500,   31.5000, 16.555021,    19, 10000,    33,    47,
   46.0000,    0.0000,   -1.1250,    2.2500, 17.659716,    20, 10000,    21,    22,
   43.0000,    0.0000,   -3.3750,    6.7500,  7.193882,    20, 10000,    23,    26,
   38.5000,    0.0000,   -6.7500,   13.5000, 14.508940,    20, 10000,    26,    32,
   35.5000,    0.0000,   -9.0000,   18.0000, 13.839437,    20, 10000,    28,    36,
   34.0000,    0.0000,  -10.1250,   20.2500, 12.243481,    20, 10000,    29,    38,
   32.5000,    0.0000,  -11.2500,   22.5000, 12.009659,    20, 10000,    30,    40,
   31.0000,    0.0000,  -12.3750,   24.7500, 16.406565,    20, 10000,    31,    42,
   29.5000,    0.0000,  -13.5000,   27.0000, 17.914370,    20, 10000,    32,    44,
   28.0000,    0.0000,  -14.6250,   29.2500, 18.545828,    20, 10000,    33,    46,
   26.5000,    0.0000,  -15.7500,   31.5000, 22.489353,    20, 10000,    34,    48,
   44.5000,    0.0000,   -1.1250,    2.2500, 20.886742,    21, 10000,    22,    23,
   38.5000,    0.0000,   -5.6250,   11.2500, 12.598791,    21, 10000,    26,    31,
   35.5000,    0.0000,   -7.8750,   15.7500, 10.444680,    21, 10000,    28,    35,
   34.0000,    0.0000,   -9.0000,   18.0000, 12.021420,    21, 10000,    29,    37,
   32.5000,    0.0000,  -10.1250,   20.2500,  8.762556,    21, 10000,    30,    39,
   31.0000,    0.0000,  -11.2500,   22.5000, 12.445429,    21, 10000,    31,    41,
   29.5000,    0.0000,  -12.3750,   24.7500, 13.800030,    21, 10000,    32,    43,
   28.0000,    0.0000,  -13.5000,   27.0000, 12.010057,    21, 10000,    33,    45,
   26.5000,    0.0000,  -14.6250,   29.2500, 15.545488,    21, 10000,    34,    47,
   38.5000,    0.0000,   -4.5000,    9.0000, 15.218845,    22, 10000,    26,    30,
   35.5000,    0.0000,   -6.7500,   13.5000, 12.080673,    22, 10000,    28,    34,
   34.0000,    0.0000,   -7.8750,   15.7500, 10.812033,    22, 10000,    29,    36,
   32.5000,    0.0000,   -9.0000,   18.0000, 12.210879,    22, 10000,    30,    38,
   31.0000,    0.0000,  -10.1250,   20.2500, 15.688629,    22, 10000,    31,    40,
   29.5000,    0.0000,  -11.2500,   22.5000, 16.175463,    22, 10000,    32,    42,
   28.0000,    0.0000,  -12.3750,   24.7500, 15.859075,    22, 10000,    33,    44,
   26.5000,    0.0000,  -13.5000,   27.0000, 19.743116,    22, 10000,    34,    46,
   25.0000,    0.0000,  -14.6250,   29.2500, 19.237968,    22, 10000,    35,    48,
   38.5000,    0.0000,   -3.3750,    6.7500, 30.680918,    23, 10000,    26,    29,
   35.5000,    0.0000,   -5.6250,   11.2500, 14.271533,    23, 10000,    28,    33,
   34.0000,    0.0000,   -6.7500,   13.5000, 10.297543,    23, 10000,    29,    35,
   32.5000,    0.0000,   -7.8750,   15.7500, 13.788182,    23, 10000,    30,    37,
   31.0000,    0.0000,   -9.0000,   18.0000, 15.096581,    23, 10000,    31,    39,
   29.5000,    0.0000,  -10.1250,   20.2500, 17.265051,    23, 10000,    32,    41,
   28.0000,    0.0000,  -11.2500,   22.5000, 19.531309,    23, 10000,    33,    43,
   26.5000,    0.0000,  -12.3750,   24.7500, 21.665642,    23, 10000,    34,    45,
   25.0000,    0.0000,  -13.5000,   27.0000, 22.714737,    23, 10000,    35,    47,
   35.5000,    0.0000,   -2.2500,    4.5000, 31.698874,    26, 10000,    28,    30,
   34.0000,    0.0000,   -3.3750,    6.7500,  9.809601,    26, 10000,    29,    32,
   32.5000,    0.0000,   -4.5000,    9.0000,  7.087338,    26, 10000,    30,    34,
   31.0000,    0.0000,   -5.6250,   11.2500, 12.594105,    26, 10000,    31,    36,
   29.5000,    0.0000,   -6.7500,   13.5000, 13.583445,    26, 10000,    32,    38,
   28.0000,    0.0000,   -7.8750,   15.7500, 12.604986,    26, 10000,    33,    40,
   26.5000,    0.0000,   -9.0000,   18.0000, 16.809797,    26, 10000,    34,    42,
   25.0000,    0.0000,  -10.1250,   20.2500, 17.926636,    26, 10000,    35,    44,
   23.5000,    0.0000,  -11.2500,   22.5000, 17.318056,    26, 10000,    36,    46,
   22.0000,    0.0000,  -12.3750,   24.7500, 16.614605,    26, 10000,    37,    48,
   34.0000,    0.0000,   -1.1250,    2.2500, 54.256882,    28, 10000,    29,    30,
   32.5000,    0.0000,   -2.2500,    4.5000, 13.544618,    28, 10000,    30,    32,
   31.0000,    0.0000,   -3.3750,    6.7500, 11.812179,    28, 10000,    31,    34,
   29.5000,    0.0000,   -4.5000,    9.0000, 12.320202,    28, 10000,    32,    36,
   28.0000,    0.0000,   -5.6250,   11.2500, 12.718130,    28, 10000,    33,    38,
   26.5000,    0.0000,   -6.7500,   13.5000, 15.124210,    28, 10000,    34,    40,
   25.0000,    0.0000,   -7.8750,   15.7500, 15.303690,    28, 10000,    35,    42,
   23.5000,    0.0000,   -9.0000,   18.0000, 14.985991,    28, 10000,    36,    44,
   22.0000,    0.0000,  -10.1250,   20.2500, 14.791197,    28, 10000,    37,    46,
   20.5000,    0.0000,  -11.2500,   22.5000, 15.558964,    28, 10000,    38,    48,
   32.5000,    0.0000,   -1.1250,    2.2500, 27.964548,    29, 10000,    30,    31,
   31.0000,    0.0000,   -2.2500,    4.5000, 13.040050,    29, 10000,    31,    33,
   29.5000,    0.0000,   -3.3750,    6.7500, 10.919392,    29, 10000,    32,    35,
   28.0000,    0.0000,   -4.5000,    9.0000, 12.989277,    29, 10000,    33,    37,
   26.5000,    0.0000,   -5.6250,   11.2500, 13.425868,    29, 10000,    34,    39,
   25.0000,    0.0000,   -6.7500,   13.5000, 14.078352,    29, 10000,    35,    41,
   23.5000,    0.0000,   -7.8750,   15.7500, 14.044800,    29, 10000,    36,    43,
   22.0000,    0.0000,   -9.0000,   18.0000, 12.730736,    29, 10000,    37,    45,
   20.5000,    0.0000,  -10.1250,   20.2500, 13.760468,    29, 10000,    38,    47,
   31.0000,    0.0000,   -1.1250,    2.2500, 36.776848,    30, 10000,    31,    32,
   29.5000,    0.0000,   -2.2500,    4.5000, 19.448221,    30, 10000,    32,    34,
   28.0000,    0.0000,   -3.3750,    6.7500, 20.513872,    30, 10000,    33,    36,
   26.5000,    0.0000,   -4.5000,    9.0000, 14.065593,    30, 10000,    34,    38,
   25.0000,    0.0000,   -5.6250,   11.2500, 13.652393,    30, 10000,    35,    40,
   23.5000,    0.0000,   -6.7500,   13.5000, 12.272445,    30, 10000,    36,    42,
   22.0000,    0.0000,   -7.8750,   15.7500, 13.129992,    30, 10000,    37,    44,
   20.5000,    0.0000,   -9.0000,   18.0000, 14.681978,    30, 10000,    38,    46,
   19.0000,    0.0000,  -10.1250,   20.2500, 15.890457,    30, 10000,    39,    48,
   29.5000,    0.0000,   -1.1250,    2.2500, 51.556393,    31, 10000,    32,    33,
   28.0000,    0.0000,   -2.2500,    4.5000, 68.769211,    31, 10000,    33,    35,
   26.5000,    0.0000,   -3.3750,    6.7500, 19.115053,    31, 10000,    34,    37,
   25.0000,    0.0000,   -4.5000,    9.0000, 14.427588,    31, 10000,    35,    39,
   23.5000,    0.0000,   -5.6250,   11.2500, 12.895747,    31, 10000,    36,    41,
   22.0000,    0.0000,   -6.7500,   13.5000, 13.747066,    31, 10000,    37,    43,
   20.5000,    0.0000,   -7.8750,   15.7500, 15.317634,    31, 10000,    38,    45,
   19.0000,    0.0000,   -9.0000,   18.0000, 16.381277,    31, 10000,    39,    47,
   28.0000,    0.0000,   -1.1250,    2.2500,261.890106,    32, 10000,    33,    34,
   26.5000,    0.0000,   -2.2500,    4.5000, 26.552702,    32, 10000,    34,    36,
   25.0000,    0.0000,   -3.3750,    6.7500, 14.714449,    32, 10000,    35,    38,
   23.5000,    0.0000,   -4.5000,    9.0000, 11.260038,    32, 10000,    36,    40,
   22.0000,    0.0000,   -5.6250,   11.2500, 11.566141,    32, 10000,    37,    42,
   20.5000,    0.0000,   -6.7500,   13.5000, 14.166228,    32, 10000,    38,    44,
   19.0000,    0.0000,   -7.8750,   15.7500, 16.708076,    32, 10000,    39,    46,
   17.5000,    0.0000,   -9.0000,   18.0000, 15.970249,    32, 10000,    40,    48,
   26.5000,    0.0000,   -1.1250,    2.2500, 33.347542,    33, 10000,    34,    35,
   25.0000,    0.0000,   -2.2500,    4.5000, 13.718375,    33, 10000,    35,    37,
   23.5000,    0.0000,   -3.3750,    6.7500,  7.403151,    33, 10000,    36,    39,
   22.0000,    0.0000,   -4.5000,    9.0000,  8.372508,    33, 10000,    37,    41,
   20.5000,    0.0000,   -5.6250,   11.2500, 11.339880,    33, 10000,    38,    43,
   19.0000,    0.0000,   -6.7500,   13.5000, 12.451281,    33, 10000,    39,    45,
   17.5000,    0.0000,   -7.8750,   15.7500, 11.643785,    33, 10000,    40,    47,
   25.0000,    0.0000,   -1.1250,    2.2500, 24.170387,    34, 10000,    35,    36,
   23.5000,    0.0000,   -2.2500,    4.5000,  8.416572,    34, 10000,    36,    38,
   22.0000,    0.0000,   -3.3750,    6.7500,  9.098403,    34, 10000,    37,    40,
   20.5000,    0.0000,   -4.5000,    9.0000, 11.683636,    34, 10000,    38,    42,
   19.0000,    0.0000,   -5.6250,   11.2500, 14.412043,    34, 10000,    39,    44,
   17.5000,    0.0000,   -6.7500,   13.5000, 14.840383,    34, 10000,    40,    46,
   16.0000,    0.0000,   -7.8750,   15.7500, 14.909627,    34, 10000,    41,    48,
   23.5000,    0.0000,   -1.1250,    2.2500, 10.751640,    35, 10000,    36,    37,
   22.0000,    0.0000,   -2.2500,    4.5000,  8.782202,    35, 10000,    37,    39,
   20.5000,    0.0000,   -3.3750,    6.7500, 12.714075,    35, 10000,    38,    41,
   19.0000,    0.0000,   -4.5000,    9.0000, 14.662333,    35, 10000,    39,    43,
   17.5000,    0.0000,   -5.6250,   11.2500, 12.826865,    35, 10000,    40,    45,
   16.0000,    0.0000,   -6.7500,   13.5000, 12.805144,    35, 10000,    41,    47,
   22.0000,    0.0000,   -1.1250,    2.2500, 22.507587,    36, 10000,    37,    38,
   20.5000,    0.0000,   -2.2500,    4.5000, 27.141066,    36, 10000,    38,    40,
   19.0000,    0.0000,   -3.3750,    6.7500, 18.571997,    36, 10000,    39,    42,
   17.5000,    0.0000,   -4.5000,    9.0000, 13.284445,    36, 10000,    40,    44,
   16.0000,    0.0000,   -5.6250,   11.2500, 14.414229,    36, 10000,    41,    46,
   14.5000,    0.0000,   -6.7500,   13.5000, 14.814647,    36, 10000,    42,    48,
   20.5000,    0.0000,   -1.1250,    2.2500, 59.401901,    37, 10000,    38,    39,
   19.0000,    0.0000,   -2.2500,    4.5000, 37.987217,    37, 10000,    39,    41,
   17.5000,    0.0000,   -3.3750,    6.7500, 13.624368,    37, 10000,    40,    43,
   16.0000,    0.0000,   -4.5000,    9.0000, 12.132494,    37, 10000,    41,    45,
   14.5000,    0.0000,   -5.6250,   11.2500, 12.282522,    37, 10000,    42,    47,
   19.0000,    0.0000,   -1.1250,    2.2500, 28.647072,    38, 10000,    39,    40,
   17.5000,    0.0000,   -2.2500,    4.5000,  8.685415,    38, 10000,    40,    42,
   16.0000,    0.0000,   -3.3750,    6.7500,  9.440199,    38, 10000,    41,    44,
   14.5000,    0.0000,   -4.5000,    9.0000, 11.276226,    38, 10000,    42,    46,
   13.0000,    0.0000,   -5.6250,   11.2500,  8.954452,    38, 10000,    43,    48,
   17.5000,    0.0000,   -1.1250,    2.2500, 10.339745,    39, 10000,    40,    41,
   16.0000,    0.0000,   -2.2500,    4.5000, 10.145107,    39, 10000,    41,    43,
   14.5000,    0.0000,   -3.3750,    6.7500, 10.403523,    39, 10000,    42,    45,
   13.0000,    0.0000,   -4.5000,    9.0000,  7.654510,    39, 10000,    43,    47,
   16.0000,    0.0000,   -1.1250,    2.2500, 19.282784,    40, 10000,    41,    42,
   14.5000,    0.0000,   -2.2500,    4.5000, 13.563383,    40, 10000,    42,    44,
   13.0000,    0.0000,   -3.3750,    6.7500,  9.480308,    40, 10000,    43,    46,
   11.5000,    0.0000,   -4.5000,    9.0000, 10.187730,    40, 10000,    44,    48,
   14.5000,    0.0000,   -1.1250,    2.2500, 62.562038,    41, 10000,    42,    43,
   13.0000,    0.0000,   -2.2500,    4.5000, 11.654905,    41, 10000,    43,    45,
   11.5000,    0.0000,   -3.3750,    6.7500,  9.511630,    41, 10000,    44,    47,
   13.0000,    0.0000,   -1.1250,    2.2500, 22.885563,    42, 10000,    43,    44,
   11.5000,    0.0000,   -2.2500,    4.5000, 13.497746,    42, 10000,    44,    46,
   10.0000,    0.0000,   -3.3750,    6.7500, 10.107435,    42, 10000,    45,    48,
   11.5000,    0.0000,   -1.1250,    2.2500, 39.051464,    43, 10000,    44,    45,
   10.0000,    0.0000,   -2.2500,    4.5000, 12.662493,    43, 10000,    45,    47,
   10.0000,    0.0000,   -1.1250,    2.2500, 61.031963,    44, 10000,    45,    46,
    8.5000,    0.0000,   -2.2500,    4.5000, 24.790461,    44, 10000,    46,    48,
    8.5000,    0.0000,   -1.1250,    2.2500, 42.205532,    45, 10000,    46,    47,
    7.0000,    0.0000,   -1.1250,    2.2500,102.054131,    46, 10000,    47,    48,
