X	Y	P
0.0000 -3.4875 94.1057
0.6975 -3.4875 93.9413
1.3950 -3.4875 94.3753
2.0925 -3.4875 96.1263
2.7900 -3.4875 98.3938
3.4875 -3.4875 99.8080
4.1850 -3.4875 100.8782
4.8825 -3.4875 101.4492
5.5800 -3.4875 102.3349
6.2775 -3.4875 98.1219
6.9750 -3.4875 100.3371
7.6725 -3.4875 101.8920
8.3700 -3.4875 101.0246
9.0675 -3.4875 100.0799
9.7650 -3.4875 100.6526
10.4625 -3.4875 102.1253
11.1600 -3.4875 102.2690
11.8575 -3.4875 101.1306
12.5550 -3.4875 100.5846
13.2525 -3.4875 101.1736
13.9500 -3.4875 101.8644
14.6475 -3.4875 102.3363
15.3450 -3.4875 102.8098
16.0425 -3.4875 102.1811
16.7400 -3.4875 101.6266
17.4375 -3.4875 101.9543
18.1350 -3.4875 102.4799
18.8325 -3.4875 101.8589
19.5300 -3.4875 100.3285
20.2275 -3.4875 99.5090
20.9250 -3.4875 99.9464
21.6225 -3.4875 99.6285
22.3200 -3.4875 94.9401
23.0175 -3.4875 90.1313
23.7150 -3.4875 90.3786
24.4125 -3.4875 90.7098
25.1100 -3.4875 97.8569
25.8075 -3.4875 106.2323
26.5050 -3.4875 109.1438
27.2025 -3.4875 109.3387
27.9000 -3.4875 106.5235
28.5975 -3.4875 100.9445
29.2950 -3.4875 97.7691
29.9925 -3.4875 99.0212
30.6900 -3.4875 100.9148
31.3875 -3.4875 105.3993
32.0850 -3.4875 109.7265
32.7825 -3.4875 107.0734
33.4800 -3.4875 104.4199
34.1775 -3.4875 102.5519
34.8750 -3.4875 100.8319
35.5725 -3.4875 96.6313
36.2700 -3.4875 91.3256
36.9675 -3.4875 90.9306
37.6650 -3.4875 94.8876
38.3625 -3.4875 97.2926
39.0600 -3.4875 97.1035
39.7575 -3.4875 96.0986
40.4550 -3.4875 92.0361
41.1525 -3.4875 88.9662
41.8500 -3.4875 100.5404
42.5475 -3.4875 112.1159
43.2450 -3.4875 105.8525
43.9425 -3.4875 97.7311
44.6400 -3.4875 92.3654
45.3375 -3.4875 87.8046
46.0350 -3.4875 87.2534
46.7325 -3.4875 89.7478
47.4300 -3.4875 85.8873
48.1275 -3.4875 73.7975
48.8250 -3.4875 69.8317
49.5225 -3.4875 86.7813
50.2200 -3.4875 101.7691
50.9175 -3.4875 101.8754
51.6150 -3.4875 101.9816
52.3125 -3.4875 110.2503
53.0100 -3.4875 118.7718
53.7075 -3.4875 126.9064
54.4050 -3.4875 135.0145
55.1025 -3.4875 136.1586
55.8000 -3.4875 133.8618
56.4975 -3.4875 123.3514
57.1950 -3.4875 104.5877
57.8925 -3.4875 90.7813
58.5900 -3.4875 86.4614
59.2875 -3.4875 84.6061
59.9850 -3.4875 92.2396
60.6825 -3.4875 93.3596
61.3800 -3.4875 77.0664
62.0775 -3.4875 60.7725
62.7750 -3.4875 81.1933
63.4725 -3.4875 106.2406
64.1700 -3.4875 82.2790
64.8675 -3.4875 54.4143
65.5650 -3.4875 66.5782
66.2625 -3.4875 107.2033
66.9600 -3.4875 171.0490
67.6575 -3.4875 221.0010
68.3550 -3.4875 228.9805
69.0525 -3.4875 128.1466
69.7500 -3.4875 100.0611
0.0000 -2.7900 94.4291
0.6975 -2.7900 94.2282
1.3950 -2.7900 93.9930
2.0925 -2.7900 95.2739
2.7900 -2.7900 97.1326
3.4875 -2.7900 99.0759
4.1850 -2.7900 100.2155
4.8825 -2.7900 101.0886
5.5800 -2.7900 102.0004
6.2775 -2.7900 96.8136
6.9750 -2.7900 99.2450
7.6725 -2.7900 101.5975
8.3700 -2.7900 101.2478
9.0675 -2.7900 100.2928
9.7650 -2.7900 100.3326
10.4625 -2.7900 101.8192
11.1600 -2.7900 102.5743
11.8575 -2.7900 101.4198
12.5550 -2.7900 100.4683
13.2525 -2.7900 101.0620
13.9500 -2.7900 101.6564
14.6475 -2.7900 102.2171
15.3450 -2.7900 102.6962
16.0425 -2.7900 102.3081
16.7400 -2.7900 101.7481
17.4375 -2.7900 101.8609
18.1350 -2.7900 102.3898
18.8325 -2.7900 102.0945
19.5300 -2.7900 100.5566
20.2275 -2.7900 99.4515
20.9250 -2.7900 99.8905
21.6225 -2.7900 100.1845
22.3200 -2.7900 95.4821
23.0175 -2.7900 90.7785
23.7150 -2.7900 90.3737
24.4125 -2.7900 90.7042
25.1100 -2.7900 96.9064
25.8075 -2.7900 105.3050
26.5050 -2.7900 109.1197
27.2025 -2.7900 109.3153
27.9000 -2.7900 107.1327
28.5975 -2.7900 101.5394
29.2950 -2.7900 97.6457
29.9925 -2.7900 98.9004
30.6900 -2.7900 100.4656
31.3875 -2.7900 104.9598
32.0850 -2.7900 109.4547
32.7825 -2.7900 107.3058
33.4800 -2.7900 104.6478
34.1775 -2.7900 102.6997
34.8750 -2.7900 100.9769
35.5725 -2.7900 97.0670
36.2700 -2.7900 91.7536
36.9675 -2.7900 90.6276
37.6650 -2.7900 94.5897
38.3625 -2.7900 97.3165
39.0600 -2.7900 97.1268
39.7575 -2.7900 96.3997
40.4550 -2.7900 92.3325
41.1525 -2.7900 88.2649
41.8500 -2.7900 99.7001
42.5475 -2.7900 111.2888
43.2450 -2.7900 106.4117
43.9425 -2.7900 98.2819
44.6400 -2.7900 92.6355
45.3375 -2.7900 88.0712
46.0350 -2.7900 87.1133
46.7325 -2.7900 89.6094
47.4300 -2.7900 86.6794
48.1275 -2.7900 74.5782
48.8250 -2.7900 68.8046
49.5225 -2.7900 85.7678
50.2200 -2.7900 101.7362
50.9175 -2.7900 101.8432
51.6150 -2.7900 101.9502
52.3125 -2.7900 109.7296
53.0100 -2.7900 118.2581
53.7075 -2.7900 126.4405
54.4050 -2.7900 134.5545
55.1025 -2.7900 136.3139
55.8000 -2.7900 134.0150
56.4975 -2.7900 124.3519
57.1950 -2.7900 105.5765
57.8925 -2.7900 91.0381
58.5900 -2.7900 86.7150
59.2875 -2.7900 84.2013
59.9850 -2.7900 91.8395
60.6825 -2.7900 99.4779
61.3800 -2.7900 77.8683
62.0775 -2.7900 61.5658
62.7750 -2.7900 79.9798
63.4725 -2.7900 105.0402
64.1700 -2.7900 83.6366
64.8675 -2.7900 55.7571
65.5650 -2.7900 64.6486
66.2625 -2.7900 105.2938
66.9600 -2.7900 168.7068
67.6575 -2.7900 218.6834
68.3550 -2.7900 233.6122
69.0525 -2.7900 132.7308
69.7500 -2.7900 100.0611
0.0000 -2.0925 88.3525
0.6975 -2.0925 94.4804
1.3950 -2.0925 94.2111
2.0925 -2.0925 94.5860
2.7900 -2.0925 96.5030
3.4875 -2.0925 98.4696
4.1850 -2.0925 99.6732
4.8825 -2.0925 100.8970
5.5800 -2.0925 101.7336
6.2775 -2.0925 102.6723
6.9750 -2.0925 98.3642
7.6725 -2.0925 100.7911
8.3700 -2.0925 101.4229
9.0675 -2.0925 100.4598
9.7650 -2.0925 100.0816
10.4625 -2.0925 101.5793
11.1600 -2.0925 102.8150
11.8575 -2.0925 101.6475
12.5550 -2.0925 100.4782
13.2525 -2.0925 100.9747
13.9500 -2.0925 101.5725
14.6475 -2.0925 102.1235
15.3450 -2.0925 102.6071
16.0425 -2.0925 102.4076
16.7400 -2.0925 101.8432
17.4375 -2.0925 101.7879
18.1350 -2.0925 102.3194
18.8325 -2.0925 102.2786
19.5300 -2.0925 100.7347
20.2275 -2.0925 99.4066
20.9250 -2.0925 99.8468
21.6225 -2.0925 100.2871
22.3200 -2.0925 95.9048
23.0175 -2.0925 91.1907
23.7150 -2.0925 90.3701
24.4125 -2.0925 90.6999
25.1100 -2.0925 96.1653
25.8075 -2.0925 104.5820
26.5050 -2.0925 109.1009
27.2025 -2.0925 109.2970
27.9000 -2.0925 107.6075
28.5975 -2.0925 102.0031
29.2950 -2.0925 97.5495
29.9925 -2.0925 98.8063
30.6900 -2.0925 100.1156
31.3875 -2.0925 104.6173
32.0850 -2.0925 109.1195
32.7825 -2.0925 107.4867
33.4800 -2.0925 104.8253
34.1775 -2.0925 102.8148
34.8750 -2.0925 101.0899
35.5725 -2.0925 97.4064
36.2700 -2.0925 92.0869
36.9675 -2.0925 90.3917
37.6650 -2.0925 94.3577
38.3625 -2.0925 97.3350
39.0600 -2.0925 97.1450
39.7575 -2.0925 96.6342
40.4550 -2.0925 92.5632
41.1525 -2.0925 88.4919
41.8500 -2.0925 99.0457
42.5475 -2.0925 110.6448
43.2450 -2.0925 106.8470
43.9425 -2.0925 98.7107
44.6400 -2.0925 92.8458
45.3375 -2.0925 88.2788
46.0350 -2.0925 87.0042
46.7325 -2.0925 89.5018
47.4300 -2.0925 87.2960
48.1275 -2.0925 75.1860
48.8250 -2.0925 68.0051
49.5225 -2.0925 84.9790
50.2200 -2.0925 101.7106
50.9175 -2.0925 101.8182
51.6150 -2.0925 101.9258
52.3125 -2.0925 109.3244
53.0100 -2.0925 117.8582
53.7075 -2.0925 126.0779
54.4050 -2.0925 134.1964
55.1025 -2.0925 136.4349
55.8000 -2.0925 134.1342
56.4975 -2.0925 125.1305
57.1950 -2.0925 106.3460
57.8925 -2.0925 91.2381
58.5900 -2.0925 86.9123
59.2875 -2.0925 83.8862
59.9850 -2.0925 91.5281
60.6825 -2.0925 99.1702
61.3800 -2.0925 78.4922
62.0775 -2.0925 62.1830
62.7750 -2.0925 79.0356
63.4725 -2.0925 104.1061
64.1700 -2.0925 84.6928
64.8675 -2.0925 56.8024
65.5650 -2.0925 63.1470
66.2625 -2.0925 103.8079
66.9600 -2.0925 166.8843
67.6575 -2.0925 216.8795
68.3550 -2.0925 237.2157
69.0525 -2.0925 136.2979
69.7500 -2.0925 100.0611
0.0000 -1.3950 89.1443
0.6975 -1.3950 94.6815
1.3950 -1.3950 94.3803
2.0925 -1.3950 94.1051
2.7900 -1.3950 96.0421
3.4875 -1.3950 98.0107
4.1850 -1.3950 99.2692
4.8825 -1.3950 100.5352
5.5800 -1.3950 101.5390
6.2775 -1.3950 102.4923
6.9750 -1.3950 97.7166
7.6725 -1.3950 100.2010
8.3700 -1.3950 101.5487
9.0675 -1.3950 100.5798
9.7650 -1.3950 99.9011
10.4625 -1.3950 101.4069
11.1600 -1.3950 102.9132
11.8575 -1.3950 101.8116
12.5550 -1.3950 100.6337
13.2525 -1.3950 100.9120
13.9500 -1.3950 101.5123
14.6475 -1.3950 102.0561
15.3450 -1.3950 102.5430
16.0425 -1.3950 102.4791
16.7400 -1.3950 101.9116
17.4375 -1.3950 101.7355
18.1350 -1.3950 102.2689
18.8325 -1.3950 102.4106
19.5300 -1.3950 100.8623
20.2275 -1.3950 99.3745
20.9250 -1.3950 99.8156
21.6225 -1.3950 100.2567
22.3200 -1.3950 96.2073
23.0175 -1.3950 91.4857
23.7150 -1.3950 90.3676
24.4125 -1.3950 90.6970
25.1100 -1.3950 95.6349
25.8075 -1.3950 104.0646
26.5050 -1.3950 109.0874
27.2025 -1.3950 109.2839
27.9000 -1.3950 107.9473
28.5975 -1.3950 102.3349
29.2950 -1.3950 97.4807
29.9925 -1.3950 98.7389
30.6900 -1.3950 99.9972
31.3875 -1.3950 104.3724
32.0850 -1.3950 108.8798
32.7825 -1.3950 107.6162
33.4800 -1.3950 104.9523
34.1775 -1.3950 102.8971
34.8750 -1.3950 101.1706
35.5725 -1.3950 97.6490
36.2700 -1.3950 92.3252
36.9675 -1.3950 90.2231
37.6650 -1.3950 94.1919
38.3625 -1.3950 97.3483
39.0600 -1.3950 97.1580
39.7575 -1.3950 96.8018
40.4550 -1.3950 92.7281
41.1525 -1.3950 88.6543
41.8500 -1.3950 98.5780
42.5475 -1.3950 110.1845
43.2450 -1.3950 107.1582
43.9425 -1.3950 99.0172
44.6400 -1.3950 92.9960
45.3375 -1.3950 88.4271
46.0350 -1.3950 86.9263
46.7325 -1.3950 89.4248
47.4300 -1.3950 87.7367
48.1275 -1.3950 75.6203
48.8250 -1.3950 67.4338
49.5225 -1.3950 84.4153
50.2200 -1.3950 101.3969
50.9175 -1.3950 101.8002
51.6150 -1.3950 101.9083
52.3125 -1.3950 109.0348
53.0100 -1.3950 117.5724
53.7075 -1.3950 125.8188
54.4050 -1.3950 133.9406
55.1025 -1.3950 136.5213
55.8000 -1.3950 134.2194
56.4975 -1.3950 125.6869
57.1950 -1.3950 106.8958
57.8925 -1.3950 91.3809
58.5900 -1.3950 87.0533
59.2875 -1.3950 83.6611
59.9850 -1.3950 91.3056
60.6825 -1.3950 98.9502
61.3800 -1.3950 78.9379
62.0775 -1.3950 62.6240
62.7750 -1.3950 78.3609
63.4725 -1.3950 103.4388
64.1700 -1.3950 85.4477
64.8675 -1.3950 57.5489
65.5650 -1.3950 62.0743
66.2625 -1.3950 102.7462
66.9600 -1.3950 165.5822
67.6575 -1.3950 215.5910
68.3550 -1.3950 239.7900
69.0525 -1.3950 138.8467
69.7500 -1.3950 100.0611
0.0000 -0.6975 89.6404
0.6975 -0.6975 94.8269
1.3950 -0.6975 94.4884
2.0925 -0.6975 94.1613
2.7900 -0.6975 95.7608
3.4875 -0.6975 97.7533
4.1850 -0.6975 99.0196
4.8825 -0.6975 100.3129
5.5800 -0.6975 101.4207
6.2775 -0.6975 102.3830
6.9750 -0.6975 97.3201
7.6725 -0.6975 99.8410
8.3700 -0.6975 101.6245
9.0675 -0.6975 100.6521
9.7650 -0.6975 99.7923
10.4625 -0.6975 101.3030
11.1600 -0.6975 102.8138
11.8575 -0.6975 101.9107
12.5550 -0.6975 100.7276
13.2525 -0.6975 100.8742
13.9500 -0.6975 101.4760
14.6475 -0.6975 102.0155
15.3450 -0.6975 102.5043
16.0425 -0.6975 102.5222
16.7400 -0.6975 101.9528
17.4375 -0.6975 101.7040
18.1350 -0.6975 102.2385
18.8325 -0.6975 102.4899
19.5300 -0.6975 100.9391
20.2275 -0.6975 99.3882
20.9250 -0.6975 99.7968
21.6225 -0.6975 100.2384
22.3200 -0.6975 96.3890
23.0175 -0.6975 91.6629
23.7150 -0.6975 90.3661
24.4125 -0.6975 90.6952
25.1100 -0.6975 95.3163
25.8075 -0.6975 103.7538
26.5050 -0.6975 109.0793
27.2025 -0.6975 109.2760
27.9000 -0.6975 108.1514
28.5975 -0.6975 102.5342
29.2950 -0.6975 97.4394
29.9925 -0.6975 98.6985
30.6900 -0.6975 99.9576
31.3875 -0.6975 104.2253
32.0850 -0.6975 108.7358
32.7825 -0.6975 107.6939
33.4800 -0.6975 105.0285
34.1775 -0.6975 102.9465
34.8750 -0.6975 101.2191
35.5725 -0.6975 97.7947
36.2700 -0.6975 92.4682
36.9675 -0.6975 90.1219
37.6650 -0.6975 94.0924
38.3625 -0.6975 97.3563
39.0600 -0.6975 97.1658
39.7575 -0.6975 96.9025
40.4550 -0.6975 92.8271
41.1525 -0.6975 88.7517
41.8500 -0.6975 98.2972
42.5475 -0.6975 109.9082
43.2450 -0.6975 107.3450
43.9425 -0.6975 99.2011
44.6400 -0.6975 93.0862
45.3375 -0.6975 88.5161
46.0350 -0.6975 86.8796
46.7325 -0.6975 89.3786
47.4300 -0.6975 88.0012
48.1275 -0.6975 75.8810
48.8250 -0.6975 67.0908
49.5225 -0.6975 84.0768
50.2200 -0.6975 101.0629
50.9175 -0.6975 101.7895
51.6150 -0.6975 101.8977
52.3125 -0.6975 108.8609
53.0100 -0.6975 117.4009
53.7075 -0.6975 125.6633
54.4050 -0.6975 133.7870
55.1025 -0.6975 136.5732
55.8000 -0.6975 134.2705
56.4975 -0.6975 126.0208
57.1950 -0.6975 107.2259
57.8925 -0.6975 91.4667
58.5900 -0.6975 87.1380
59.2875 -0.6975 83.5261
59.9850 -0.6975 91.1721
60.6825 -0.6975 98.8182
61.3800 -0.6975 79.2056
62.0775 -0.6975 62.8886
62.7750 -0.6975 77.9561
63.4725 -0.6975 103.0381
64.1700 -0.6975 85.9006
64.8675 -0.6975 57.9972
65.5650 -0.6975 61.4303
66.2625 -0.6975 102.1089
66.9600 -0.6975 164.8009
67.6575 -0.6975 214.8174
68.3550 -0.6975 241.3350
69.0525 -0.6975 140.3763
69.7500 -0.6975 100.0611
0.0000 -0.0000 89.8096
0.6975 -0.0000 87.6132
1.3950 -0.0000 94.5257
2.0925 -0.0000 94.1926
2.7900 -0.0000 95.6662
3.4875 -0.0000 97.6668
4.1850 -0.0000 98.9350
4.8825 -0.0000 100.2378
5.5800 -0.0000 101.3810
6.2775 -0.0000 102.3463
6.9750 -0.0000 97.1865
7.6725 -0.0000 99.7199
8.3700 -0.0000 101.6499
9.0675 -0.0000 100.6762
9.7650 -0.0000 99.7560
10.4625 -0.0000 101.2683
11.1600 -0.0000 102.7807
11.8575 -0.0000 101.9438
12.5550 -0.0000 100.7589
13.2525 -0.0000 100.8616
13.9500 -0.0000 101.4639
14.6475 -0.0000 102.0020
15.3450 -0.0000 102.4914
16.0425 -0.0000 102.5366
16.7400 -0.0000 101.9666
17.4375 -0.0000 101.6935
18.1350 -0.0000 102.2283
18.8325 -0.0000 102.5164
19.5300 -0.0000 100.9647
20.2275 -0.0000 99.4130
20.9250 -0.0000 99.7905
21.6225 -0.0000 100.2323
22.3200 -0.0000 96.4497
23.0175 -0.0000 91.7221
23.7150 -0.0000 90.3656
24.4125 -0.0000 90.6946
25.1100 -0.0000 95.2100
25.8075 -0.0000 103.6501
26.5050 -0.0000 109.0766
27.2025 -0.0000 109.2734
27.9000 -0.0000 108.2195
28.5975 -0.0000 102.6007
29.2950 -0.0000 97.4256
29.9925 -0.0000 98.6850
30.6900 -0.0000 99.9444
31.3875 -0.0000 104.1762
32.0850 -0.0000 108.6878
32.7825 -0.0000 107.7198
33.4800 -0.0000 105.0539
34.1775 -0.0000 102.9630
34.8750 -0.0000 101.2353
35.5725 -0.0000 97.8433
36.2700 -0.0000 92.5159
36.9675 -0.0000 90.0881
37.6650 -0.0000 94.0592
38.3625 -0.0000 97.3590
39.0600 -0.0000 97.1684
39.7575 -0.0000 96.9360
40.4550 -0.0000 92.8601
41.1525 -0.0000 88.7841
41.8500 -0.0000 98.2036
42.5475 -0.0000 109.8161
43.2450 -0.0000 107.4073
43.9425 -0.0000 99.2625
44.6400 -0.0000 93.1162
45.3375 -0.0000 88.5458
46.0350 -0.0000 86.8640
46.7325 -0.0000 89.3632
47.4300 -0.0000 88.0893
48.1275 -0.0000 75.9680
48.8250 -0.0000 66.9765
49.5225 -0.0000 83.9641
50.2200 -0.0000 100.9516
50.9175 -0.0000 101.7859
51.6150 -0.0000 101.8942
52.3125 -0.0000 108.8030
53.0100 -0.0000 117.3438
53.7075 -0.0000 125.6115
54.4050 -0.0000 133.7358
55.1025 -0.0000 136.5905
55.8000 -0.0000 134.2875
56.4975 -0.0000 126.1322
57.1950 -0.0000 107.3359
57.8925 -0.0000 91.4953
58.5900 -0.0000 87.1662
59.2875 -0.0000 83.4810
59.9850 -0.0000 91.1276
60.6825 -0.0000 98.7742
61.3800 -0.0000 79.2948
62.0775 -0.0000 62.9769
62.7750 -0.0000 77.8212
63.4725 -0.0000 102.9046
64.1700 -0.0000 86.0517
64.8675 -0.0000 58.1464
65.5650 -0.0000 61.2158
66.2625 -0.0000 101.8965
66.9600 -0.0000 164.5405
67.6575 -0.0000 214.5597
68.3550 -0.0000 241.8508
69.0525 -0.0000 140.8865
69.7500 -0.0000 100.0611
0.0000 0.6975 89.6404
0.6975 0.6975 94.8269
1.3950 0.6975 94.4884
2.0925 0.6975 94.1613
2.7900 0.6975 95.7608
3.4875 0.6975 97.7533
4.1850 0.6975 99.0196
4.8825 0.6975 100.3129
5.5800 0.6975 101.4207
6.2775 0.6975 102.3830
6.9750 0.6975 97.3201
7.6725 0.6975 99.8410
8.3700 0.6975 101.6245
9.0675 0.6975 100.6521
9.7650 0.6975 99.7923
10.4625 0.6975 101.3030
11.1600 0.6975 102.8138
11.8575 0.6975 101.9107
12.5550 0.6975 100.7276
13.2525 0.6975 100.8742
13.9500 0.6975 101.4760
14.6475 0.6975 102.0155
15.3450 0.6975 102.5043
16.0425 0.6975 102.5222
16.7400 0.6975 101.9528
17.4375 0.6975 101.7040
18.1350 0.6975 102.2385
18.8325 0.6975 102.4899
19.5300 0.6975 100.9391
20.2275 0.6975 99.3882
20.9250 0.6975 99.7968
21.6225 0.6975 100.2384
22.3200 0.6975 96.3890
23.0175 0.6975 91.6629
23.7150 0.6975 90.3661
24.4125 0.6975 90.6952
25.1100 0.6975 95.3163
25.8075 0.6975 103.7538
26.5050 0.6975 109.0793
27.2025 0.6975 109.2760
27.9000 0.6975 108.1514
28.5975 0.6975 102.5342
29.2950 0.6975 97.4394
29.9925 0.6975 98.6985
30.6900 0.6975 99.9576
31.3875 0.6975 104.2253
32.0850 0.6975 108.7358
32.7825 0.6975 107.6939
33.4800 0.6975 105.0285
34.1775 0.6975 102.9465
34.8750 0.6975 101.2191
35.5725 0.6975 97.7947
36.2700 0.6975 92.4682
36.9675 0.6975 90.1219
37.6650 0.6975 94.0924
38.3625 0.6975 97.3563
39.0600 0.6975 97.1658
39.7575 0.6975 96.9025
40.4550 0.6975 92.8271
41.1525 0.6975 88.7517
41.8500 0.6975 98.2972
42.5475 0.6975 109.9082
43.2450 0.6975 107.3450
43.9425 0.6975 99.2011
44.6400 0.6975 93.0862
45.3375 0.6975 88.5161
46.0350 0.6975 86.8796
46.7325 0.6975 89.3786
47.4300 0.6975 88.0012
48.1275 0.6975 75.8810
48.8250 0.6975 67.0908
49.5225 0.6975 84.0768
50.2200 0.6975 101.0629
50.9175 0.6975 101.7895
51.6150 0.6975 101.8977
52.3125 0.6975 108.8609
53.0100 0.6975 117.4009
53.7075 0.6975 125.6633
54.4050 0.6975 133.7870
55.1025 0.6975 136.5732
55.8000 0.6975 134.2705
56.4975 0.6975 126.0208
57.1950 0.6975 107.2259
57.8925 0.6975 91.4667
58.5900 0.6975 87.1380
59.2875 0.6975 83.5261
59.9850 0.6975 91.1721
60.6825 0.6975 98.8182
61.3800 0.6975 79.2056
62.0775 0.6975 62.8886
62.7750 0.6975 77.9561
63.4725 0.6975 103.0381
64.1700 0.6975 85.9006
64.8675 0.6975 57.9972
65.5650 0.6975 61.4303
66.2625 0.6975 102.1089
66.9600 0.6975 164.8009
67.6575 0.6975 214.8174
68.3550 0.6975 241.3350
69.0525 0.6975 140.3763
69.7500 0.6975 100.0611
0.0000 1.3950 89.1443
0.6975 1.3950 94.6815
1.3950 1.3950 94.3803
2.0925 1.3950 94.1051
2.7900 1.3950 96.0421
3.4875 1.3950 98.0107
4.1850 1.3950 99.2692
4.8825 1.3950 100.5352
5.5800 1.3950 101.5390
6.2775 1.3950 102.4923
6.9750 1.3950 97.7166
7.6725 1.3950 100.2010
8.3700 1.3950 101.5487
9.0675 1.3950 100.5798
9.7650 1.3950 99.9011
10.4625 1.3950 101.4069
11.1600 1.3950 102.9132
11.8575 1.3950 101.8116
12.5550 1.3950 100.6337
13.2525 1.3950 100.9120
13.9500 1.3950 101.5123
14.6475 1.3950 102.0561
15.3450 1.3950 102.5430
16.0425 1.3950 102.4791
16.7400 1.3950 101.9116
17.4375 1.3950 101.7355
18.1350 1.3950 102.2689
18.8325 1.3950 102.4106
19.5300 1.3950 100.8623
20.2275 1.3950 99.3745
20.9250 1.3950 99.8156
21.6225 1.3950 100.2567
22.3200 1.3950 96.2073
23.0175 1.3950 91.4857
23.7150 1.3950 90.3676
24.4125 1.3950 90.6970
25.1100 1.3950 95.6349
25.8075 1.3950 104.0646
26.5050 1.3950 109.0874
27.2025 1.3950 109.2839
27.9000 1.3950 107.9473
28.5975 1.3950 102.3349
29.2950 1.3950 97.4807
29.9925 1.3950 98.7389
30.6900 1.3950 99.9972
31.3875 1.3950 104.3724
32.0850 1.3950 108.8798
32.7825 1.3950 107.6162
33.4800 1.3950 104.9523
34.1775 1.3950 102.8971
34.8750 1.3950 101.1706
35.5725 1.3950 97.6490
36.2700 1.3950 92.3252
36.9675 1.3950 90.2231
37.6650 1.3950 94.1919
38.3625 1.3950 97.3483
39.0600 1.3950 97.1580
39.7575 1.3950 96.8018
40.4550 1.3950 92.7281
41.1525 1.3950 88.6543
41.8500 1.3950 98.5780
42.5475 1.3950 110.1845
43.2450 1.3950 107.1582
43.9425 1.3950 99.0172
44.6400 1.3950 92.9960
45.3375 1.3950 88.4271
46.0350 1.3950 86.9263
46.7325 1.3950 89.4248
47.4300 1.3950 87.7367
48.1275 1.3950 75.6203
48.8250 1.3950 67.4338
49.5225 1.3950 84.4153
50.2200 1.3950 101.3969
50.9175 1.3950 101.8002
51.6150 1.3950 101.9083
52.3125 1.3950 109.0348
53.0100 1.3950 117.5724
53.7075 1.3950 125.8188
54.4050 1.3950 133.9406
55.1025 1.3950 136.5213
55.8000 1.3950 134.2194
56.4975 1.3950 125.6869
57.1950 1.3950 106.8958
57.8925 1.3950 91.3809
58.5900 1.3950 87.0533
59.2875 1.3950 83.6611
59.9850 1.3950 91.3056
60.6825 1.3950 98.9502
61.3800 1.3950 78.9379
62.0775 1.3950 62.6240
62.7750 1.3950 78.3609
63.4725 1.3950 103.4388
64.1700 1.3950 85.4477
64.8675 1.3950 57.5489
65.5650 1.3950 62.0743
66.2625 1.3950 102.7462
66.9600 1.3950 165.5822
67.6575 1.3950 215.5910
68.3550 1.3950 239.7900
69.0525 1.3950 138.8467
69.7500 1.3950 100.0611
0.0000 2.0925 88.3525
0.6975 2.0925 94.4804
1.3950 2.0925 94.2111
2.0925 2.0925 94.5860
2.7900 2.0925 96.5030
3.4875 2.0925 98.4696
4.1850 2.0925 99.6732
4.8825 2.0925 100.8970
5.5800 2.0925 101.7336
6.2775 2.0925 102.6723
6.9750 2.0925 98.3642
7.6725 2.0925 100.7911
8.3700 2.0925 101.4229
9.0675 2.0925 100.4598
9.7650 2.0925 100.0816
10.4625 2.0925 101.5793
11.1600 2.0925 102.8150
11.8575 2.0925 101.6475
12.5550 2.0925 100.4782
13.2525 2.0925 100.9747
13.9500 2.0925 101.5725
14.6475 2.0925 102.1235
15.3450 2.0925 102.6071
16.0425 2.0925 102.4076
16.7400 2.0925 101.8432
17.4375 2.0925 101.7879
18.1350 2.0925 102.3194
18.8325 2.0925 102.2786
19.5300 2.0925 100.7347
20.2275 2.0925 99.4066
20.9250 2.0925 99.8468
21.6225 2.0925 100.2871
22.3200 2.0925 95.9048
23.0175 2.0925 91.1907
23.7150 2.0925 90.3701
24.4125 2.0925 90.6999
25.1100 2.0925 96.1653
25.8075 2.0925 104.5820
26.5050 2.0925 109.1009
27.2025 2.0925 109.2970
27.9000 2.0925 107.6075
28.5975 2.0925 102.0031
29.2950 2.0925 97.5495
29.9925 2.0925 98.8063
30.6900 2.0925 100.1156
31.3875 2.0925 104.6173
32.0850 2.0925 109.1195
32.7825 2.0925 107.4867
33.4800 2.0925 104.8253
34.1775 2.0925 102.8148
34.8750 2.0925 101.0899
35.5725 2.0925 97.4064
36.2700 2.0925 92.0869
36.9675 2.0925 90.3917
37.6650 2.0925 94.3577
38.3625 2.0925 97.3350
39.0600 2.0925 97.1450
39.7575 2.0925 96.6342
40.4550 2.0925 92.5632
41.1525 2.0925 88.4919
41.8500 2.0925 99.0457
42.5475 2.0925 110.6448
43.2450 2.0925 106.8470
43.9425 2.0925 98.7107
44.6400 2.0925 92.8458
45.3375 2.0925 88.2788
46.0350 2.0925 87.0042
46.7325 2.0925 89.5018
47.4300 2.0925 87.2960
48.1275 2.0925 75.1860
48.8250 2.0925 68.0051
49.5225 2.0925 84.9790
50.2200 2.0925 101.7106
50.9175 2.0925 101.8182
51.6150 2.0925 101.9258
52.3125 2.0925 109.3244
53.0100 2.0925 117.8582
53.7075 2.0925 126.0779
54.4050 2.0925 134.1964
55.1025 2.0925 136.4349
55.8000 2.0925 134.1342
56.4975 2.0925 125.1305
57.1950 2.0925 106.3460
57.8925 2.0925 91.2381
58.5900 2.0925 86.9123
59.2875 2.0925 83.8862
59.9850 2.0925 91.5281
60.6825 2.0925 99.1702
61.3800 2.0925 78.4922
62.0775 2.0925 62.1830
62.7750 2.0925 79.0356
63.4725 2.0925 104.1061
64.1700 2.0925 84.6928
64.8675 2.0925 56.8024
65.5650 2.0925 63.1470
66.2625 2.0925 103.8079
66.9600 2.0925 166.8843
67.6575 2.0925 216.8795
68.3550 2.0925 237.2157
69.0525 2.0925 136.2979
69.7500 2.0925 100.0611
0.0000 2.7900 94.4291
0.6975 2.7900 94.2282
1.3950 2.7900 93.9930
2.0925 2.7900 95.2739
2.7900 2.7900 97.1326
3.4875 2.7900 99.0759
4.1850 2.7900 100.2155
4.8825 2.7900 101.0886
5.5800 2.7900 102.0004
6.2775 2.7900 96.8136
6.9750 2.7900 99.2450
7.6725 2.7900 101.5975
8.3700 2.7900 101.2478
9.0675 2.7900 100.2928
9.7650 2.7900 100.3326
10.4625 2.7900 101.8192
11.1600 2.7900 102.5743
11.8575 2.7900 101.4198
12.5550 2.7900 100.4683
13.2525 2.7900 101.0620
13.9500 2.7900 101.6564
14.6475 2.7900 102.2171
15.3450 2.7900 102.6962
16.0425 2.7900 102.3081
16.7400 2.7900 101.7481
17.4375 2.7900 101.8609
18.1350 2.7900 102.3898
18.8325 2.7900 102.0945
19.5300 2.7900 100.5566
20.2275 2.7900 99.4515
20.9250 2.7900 99.8905
21.6225 2.7900 100.1845
22.3200 2.7900 95.4821
23.0175 2.7900 90.7785
23.7150 2.7900 90.3737
24.4125 2.7900 90.7042
25.1100 2.7900 96.9064
25.8075 2.7900 105.3050
26.5050 2.7900 109.1197
27.2025 2.7900 109.3153
27.9000 2.7900 107.1327
28.5975 2.7900 101.5394
29.2950 2.7900 97.6457
29.9925 2.7900 98.9004
30.6900 2.7900 100.4656
31.3875 2.7900 104.9598
32.0850 2.7900 109.4547
32.7825 2.7900 107.3058
33.4800 2.7900 104.6478
34.1775 2.7900 102.6997
34.8750 2.7900 100.9769
35.5725 2.7900 97.0670
36.2700 2.7900 91.7536
36.9675 2.7900 90.6276
37.6650 2.7900 94.5897
38.3625 2.7900 97.3165
39.0600 2.7900 97.1268
39.7575 2.7900 96.3997
40.4550 2.7900 92.3325
41.1525 2.7900 88.2649
41.8500 2.7900 99.7001
42.5475 2.7900 111.2888
43.2450 2.7900 106.4117
43.9425 2.7900 98.2819
44.6400 2.7900 92.6355
45.3375 2.7900 88.0712
46.0350 2.7900 87.1133
46.7325 2.7900 89.6094
47.4300 2.7900 86.6794
48.1275 2.7900 74.5782
48.8250 2.7900 68.8046
49.5225 2.7900 85.7678
50.2200 2.7900 101.7362
50.9175 2.7900 101.8432
51.6150 2.7900 101.9502
52.3125 2.7900 109.7296
53.0100 2.7900 118.2581
53.7075 2.7900 126.4405
54.4050 2.7900 134.5545
55.1025 2.7900 136.3139
55.8000 2.7900 134.0150
56.4975 2.7900 124.3519
57.1950 2.7900 105.5765
57.8925 2.7900 91.0381
58.5900 2.7900 86.7150
59.2875 2.7900 84.2013
59.9850 2.7900 91.8395
60.6825 2.7900 99.4779
61.3800 2.7900 77.8683
62.0775 2.7900 61.5658
62.7750 2.7900 79.9798
63.4725 2.7900 105.0402
64.1700 2.7900 83.6366
64.8675 2.7900 55.7571
65.5650 2.7900 64.6486
66.2625 2.7900 105.2938
66.9600 2.7900 168.7068
67.6575 2.7900 218.6834
68.3550 2.7900 233.6122
69.0525 2.7900 132.7308
69.7500 2.7900 100.0611
0.0000 3.4875 94.1057
0.6975 3.4875 93.9413
1.3950 3.4875 94.3753
2.0925 3.4875 96.1263
2.7900 3.4875 98.3938
3.4875 3.4875 99.8080
4.1850 3.4875 100.8782
4.8825 3.4875 101.4492
5.5800 3.4875 102.3349
6.2775 3.4875 98.1219
6.9750 3.4875 100.3371
7.6725 3.4875 101.8920
8.3700 3.4875 101.0246
9.0675 3.4875 100.0799
9.7650 3.4875 100.6526
10.4625 3.4875 102.1253
11.1600 3.4875 102.2690
11.8575 3.4875 101.1306
12.5550 3.4875 100.5846
13.2525 3.4875 101.1736
13.9500 3.4875 101.8644
14.6475 3.4875 102.3363
15.3450 3.4875 102.8098
16.0425 3.4875 102.1811
16.7400 3.4875 101.6266
17.4375 3.4875 101.9543
18.1350 3.4875 102.4799
18.8325 3.4875 101.8589
19.5300 3.4875 100.3285
20.2275 3.4875 99.5090
20.9250 3.4875 99.9464
21.6225 3.4875 99.6285
22.3200 3.4875 94.9401
23.0175 3.4875 90.1313
23.7150 3.4875 90.3786
24.4125 3.4875 90.7098
25.1100 3.4875 97.8569
25.8075 3.4875 106.2323
26.5050 3.4875 109.1438
27.2025 3.4875 109.3387
27.9000 3.4875 106.5235
28.5975 3.4875 100.9445
29.2950 3.4875 97.7691
29.9925 3.4875 99.0212
30.6900 3.4875 100.9148
31.3875 3.4875 105.3993
32.0850 3.4875 109.7265
32.7825 3.4875 107.0734
33.4800 3.4875 104.4199
34.1775 3.4875 102.5519
34.8750 3.4875 100.8319
35.5725 3.4875 96.6313
36.2700 3.4875 91.3256
36.9675 3.4875 90.9306
37.6650 3.4875 94.8876
38.3625 3.4875 97.2926
39.0600 3.4875 97.1035
39.7575 3.4875 96.0986
40.4550 3.4875 92.0361
41.1525 3.4875 88.9662
41.8500 3.4875 100.5404
42.5475 3.4875 112.1159
43.2450 3.4875 105.8525
43.9425 3.4875 97.7311
44.6400 3.4875 92.3654
45.3375 3.4875 87.8046
46.0350 3.4875 87.2534
46.7325 3.4875 89.7478
47.4300 3.4875 85.8873
48.1275 3.4875 73.7975
48.8250 3.4875 69.8317
49.5225 3.4875 86.7813
50.2200 3.4875 101.7691
50.9175 3.4875 101.8754
51.6150 3.4875 101.9816
52.3125 3.4875 110.2503
53.0100 3.4875 118.7718
53.7075 3.4875 126.9064
54.4050 3.4875 135.0145
55.1025 3.4875 136.1586
55.8000 3.4875 133.8618
56.4975 3.4875 123.3514
57.1950 3.4875 104.5877
57.8925 3.4875 90.7813
58.5900 3.4875 86.4614
59.2875 3.4875 84.6061
59.9850 3.4875 92.2396
60.6825 3.4875 93.3596
61.3800 3.4875 77.0664
62.0775 3.4875 60.7725
62.7750 3.4875 81.1933
63.4725 3.4875 106.2406
64.1700 3.4875 82.2790
64.8675 3.4875 54.4143
65.5650 3.4875 66.5782
66.2625 3.4875 107.2033
66.9600 3.4875 171.0490
67.6575 3.4875 221.0010
68.3550 3.4875 228.9805
69.0525 3.4875 128.1466
69.7500 3.4875 100.0611
