X	Y	P
0.0000 -3.4875 99.5606
0.6975 -3.4875 73.6169
1.3950 -3.4875 54.3781
2.0925 -3.4875 83.0457
2.7900 -3.4875 107.5580
3.4875 -3.4875 113.2505
4.1850 -3.4875 111.1315
4.8825 -3.4875 103.6293
5.5800 -3.4875 96.7825
6.2775 -3.4875 95.2291
6.9750 -3.4875 102.9166
7.6725 -3.4875 108.4600
8.3700 -3.4875 103.4841
9.0675 -3.4875 98.9332
9.7650 -3.4875 103.9390
10.4625 -3.4875 108.0110
11.1600 -3.4875 101.6743
11.8575 -3.4875 90.4100
12.5550 -3.4875 85.8473
13.2525 -3.4875 92.8124
13.9500 -3.4875 97.8086
14.6475 -3.4875 89.4433
15.3450 -3.4875 81.0625
16.0425 -3.4875 86.5860
16.7400 -3.4875 93.1227
17.4375 -3.4875 103.6325
18.1350 -3.4875 115.6672
18.8325 -3.4875 114.1170
19.5300 -3.4875 101.5246
20.2275 -3.4875 93.3322
20.9250 -3.4875 92.6669
21.6225 -3.4875 91.4680
22.3200 -3.4875 88.2983
23.0175 -3.4875 85.2491
23.7150 -3.4875 84.0684
24.4125 -3.4875 82.9010
25.1100 -3.4875 98.2565
25.8075 -3.4875 116.2957
26.5050 -3.4875 125.7339
27.2025 -3.4875 131.9149
27.9000 -3.4875 126.6181
28.5975 -3.4875 109.6831
29.2950 -3.4875 97.3787
29.9925 -3.4875 93.8458
30.6900 -3.4875 91.6110
31.3875 -3.4875 95.5778
32.0850 -3.4875 99.4213
32.7825 -3.4875 95.7302
33.4800 -3.4875 92.0383
34.1775 -3.4875 94.8883
34.8750 -3.4875 98.8173
35.5725 -3.4875 99.5570
36.2700 -3.4875 98.9792
36.9675 -3.4875 98.6981
37.6650 -3.4875 98.5769
38.3625 -3.4875 99.2171
39.0600 -3.4875 101.2035
39.7575 -3.4875 103.5952
40.4550 -3.4875 107.2504
41.1525 -3.4875 110.2753
41.8500 -3.4875 103.0749
42.5475 -3.4875 95.8740
43.2450 -3.4875 90.6968
43.9425 -3.4875 85.8222
44.6400 -3.4875 92.6097
45.3375 -3.4875 103.4415
46.0350 -3.4875 102.6612
46.7325 -3.4875 93.5632
47.4300 -3.4875 93.9162
48.1275 -3.4875 106.5349
48.8250 -3.4875 116.7885
49.5225 -3.4875 121.0443
50.2200 -3.4875 122.0628
50.9175 -3.4875 101.3208
51.6150 -3.4875 80.5776
52.3125 -3.4875 84.6519
53.0100 -3.4875 89.4124
53.7075 -3.4875 92.8729
54.4050 -3.4875 96.0267
55.1025 -3.4875 99.2011
55.8000 -3.4875 102.3812
56.4975 -3.4875 102.4997
57.1950 -3.4875 99.7508
57.8925 -3.4875 98.7124
58.5900 -3.4875 100.7592
59.2875 -3.4875 102.5827
59.9850 -3.4875 103.1861
60.6825 -3.4875 92.9651
61.3800 -3.4875 87.2654
62.0775 -3.4875 81.5656
62.7750 -3.4875 75.4756
63.4725 -3.4875 69.2851
64.1700 -3.4875 96.8424
64.8675 -3.4875 148.1478
65.5650 -3.4875 160.2020
66.2625 -3.4875 144.2310
66.9600 -3.4875 202.3540
67.6575 -3.4875 106.8368
68.3550 -3.4875 52.8277
69.0525 -3.4875 106.4314
69.7500 -3.4875 99.8284
0.0000 -2.7900 117.5654
0.6975 -2.7900 89.8957
1.3950 -2.7900 61.4082
2.0925 -2.7900 69.2742
2.7900 -2.7900 99.6574
3.4875 -2.7900 113.2631
4.1850 -2.7900 111.1893
4.8825 -2.7900 106.6039
5.5800 -2.7900 99.5326
6.2775 -2.7900 92.4086
6.9750 -2.7900 99.9309
7.6725 -2.7900 107.9267
8.3700 -2.7900 105.3895
9.0675 -2.7900 100.7044
9.7650 -2.7900 102.2777
10.4625 -2.7900 106.4624
11.1600 -2.7900 104.6686
11.8575 -2.7900 93.2471
12.5550 -2.7900 84.2578
13.2525 -2.7900 91.2964
13.9500 -2.7900 98.3476
14.6475 -2.7900 91.0524
15.3450 -2.7900 82.6081
16.0425 -2.7900 85.3780
16.7400 -2.7900 91.9606
17.4375 -2.7900 101.6296
18.1350 -2.7900 113.7343
18.8325 -2.7900 116.0621
19.5300 -2.7900 103.4063
20.2275 -2.7900 93.4330
20.9250 -2.7900 92.7644
21.6225 -2.7900 91.9197
22.3200 -2.7900 88.7364
23.0175 -2.7900 85.5518
23.7150 -2.7900 84.2083
24.4125 -2.7900 83.0374
25.1100 -2.7900 96.0484
25.8075 -2.7900 114.1451
26.5050 -2.7900 125.1550
27.2025 -2.7900 131.3475
27.9000 -2.7900 128.3888
28.5975 -2.7900 111.4137
29.2950 -2.7900 97.7185
29.9925 -2.7900 94.1786
30.6900 -2.7900 91.2371
31.3875 -2.7900 95.2116
32.0850 -2.7900 99.1866
32.7825 -2.7900 96.0636
33.4800 -2.7900 92.3652
34.1775 -2.7900 94.5442
34.8750 -2.7900 98.4797
35.5725 -2.7900 99.6196
36.2700 -2.7900 99.0404
36.9675 -2.7900 98.7029
37.6650 -2.7900 98.5818
38.3625 -2.7900 99.0707
39.0600 -2.7900 101.0596
39.7575 -2.7900 103.3144
40.4550 -2.7900 106.9742
41.1525 -2.7900 110.6343
41.8500 -2.7900 103.5699
42.5475 -2.7900 96.3616
43.2450 -2.7900 91.0443
43.9425 -2.7900 86.1643
44.6400 -2.7900 91.9189
45.3375 -2.7900 102.7603
46.0350 -2.7900 103.2303
46.7325 -2.7900 94.1245
47.4300 -2.7900 93.0911
48.1275 -2.7900 105.7215
48.8250 -2.7900 116.5132
49.5225 -2.7900 120.7729
50.2200 -2.7900 123.3476
50.9175 -2.7900 102.5882
51.6150 -2.7900 81.8280
52.3125 -2.7900 84.3730
53.0100 -2.7900 89.1371
53.7075 -2.7900 92.6889
54.4050 -2.7900 95.8451
55.1025 -2.7900 99.0191
55.8000 -2.7900 102.2016
56.4975 -2.7900 102.6653
57.1950 -2.7900 99.9143
57.8925 -2.7900 98.6115
58.5900 -2.7900 100.6594
59.2875 -2.7900 102.5364
59.9850 -2.7900 103.1405
60.6825 -2.7900 103.7446
61.3800 -2.7900 87.5649
62.0775 -2.7900 81.8616
62.7750 -2.7900 75.7759
63.4725 -2.7900 69.5823
64.1700 -2.7900 94.3576
64.8675 -2.7900 145.6895
65.5650 -2.7900 160.9459
66.2625 -2.7900 144.9676
66.9600 -2.7900 206.8327
67.6575 -2.7900 111.2684
68.3550 -2.7900 50.3655
69.0525 -2.7900 103.9944
69.7500 -2.7900 99.8284
0.0000 -2.0925 142.8643
0.6975 -2.0925 103.2586
1.3950 -2.0925 73.4487
2.0925 -2.0925 58.1727
2.7900 -2.0925 89.4868
3.4875 -2.0925 113.2242
4.1850 -2.0925 111.2004
4.8825 -2.0925 109.2033
5.5800 -2.0925 101.7321
6.2775 -2.0925 94.4266
6.9750 -2.0925 97.5473
7.6725 -2.0925 105.7162
8.3700 -2.0925 106.9097
9.0675 -2.0925 102.1128
9.7650 -2.0925 100.9559
10.4625 -2.0925 105.2337
11.1600 -2.0925 107.0291
11.8575 -2.0925 95.4804
12.5550 -2.0925 83.9140
13.2525 -2.0925 90.1065
13.9500 -2.0925 97.2112
14.6475 -2.0925 92.3129
15.3450 -2.0925 83.8180
16.0425 -2.0925 84.4324
16.7400 -2.0925 91.0514
17.4375 -2.0925 100.0631
18.1350 -2.0925 112.2233
18.8325 -2.0925 117.5820
19.5300 -2.0925 104.8762
20.2275 -2.0925 93.5117
20.9250 -2.0925 92.8406
21.6225 -2.0925 92.1693
22.3200 -2.0925 89.0785
23.0175 -2.0925 85.8838
23.7150 -2.0925 84.3174
24.4125 -2.0925 83.1437
25.1100 -2.0925 94.3260
25.8075 -2.0925 112.4678
26.5050 -2.0925 124.7040
27.2025 -2.0925 130.9055
27.9000 -2.0925 129.7689
28.5975 -2.0925 112.7626
29.2950 -2.0925 97.9833
29.9925 -2.0925 94.4379
30.6900 -2.0925 90.9458
31.3875 -2.0925 94.9262
32.0850 -2.0925 98.9069
32.7825 -2.0925 96.3233
33.4800 -2.0925 92.6198
34.1775 -2.0925 94.2761
34.8750 -2.0925 98.2167
35.5725 -2.0925 99.6684
36.2700 -2.0925 99.0882
36.9675 -2.0925 98.7067
37.6650 -2.0925 98.5855
38.3625 -2.0925 98.9568
39.0600 -2.0925 100.9475
39.7575 -2.0925 103.0957
40.4550 -2.0925 106.7592
41.1525 -2.0925 110.4228
41.8500 -2.0925 103.9553
42.5475 -2.0925 96.7412
43.2450 -2.0925 91.3148
43.9425 -2.0925 86.4306
44.6400 -2.0925 91.3812
45.3375 -2.0925 102.2301
46.0350 -2.0925 103.6732
46.7325 -2.0925 94.5614
47.4300 -2.0925 92.4488
48.1275 -2.0925 105.0883
48.8250 -2.0925 116.2990
49.5225 -2.0925 120.5618
50.2200 -2.0925 124.3476
50.9175 -2.0925 103.5748
51.6150 -2.0925 82.8013
52.3125 -2.0925 84.1560
53.0100 -2.0925 88.9228
53.7075 -2.0925 92.5457
54.4050 -2.0925 95.7037
55.1025 -2.0925 98.8776
55.8000 -2.0925 102.0618
56.4975 -2.0925 102.7943
57.1950 -2.0925 100.0416
57.8925 -2.0925 98.5330
58.5900 -2.0925 100.5818
59.2875 -2.0925 102.5004
59.9850 -2.0925 103.1050
60.6825 -2.0925 103.7097
61.3800 -2.0925 87.7979
62.0775 -2.0925 82.0920
62.7750 -2.0925 76.0096
63.4725 -2.0925 69.8135
64.1700 -2.0925 92.4243
64.8675 -2.0925 143.7762
65.5650 -2.0925 161.5248
66.2625 -2.0925 145.5404
66.9600 -2.0925 210.3176
67.6575 -2.0925 114.7177
68.3550 -2.0925 48.4498
69.0525 -2.0925 102.0982
69.7500 -2.0925 99.8284
0.0000 -1.3950 133.4379
0.6975 -1.3950 113.2375
1.3950 -1.3950 82.3636
2.0925 -1.3950 51.1404
2.7900 -1.3950 82.0462
3.4875 -1.3950 114.1795
4.1850 -1.3950 111.1868
4.8825 -1.3950 109.2230
5.5800 -1.3950 103.3383
6.2775 -1.3950 95.9079
6.9750 -1.3950 95.8093
7.6725 -1.3950 104.1093
8.3700 -1.3950 108.0173
9.0675 -1.3950 103.1363
9.7650 -1.3950 99.9951
10.4625 -1.3950 104.3424
11.1600 -1.3950 108.6973
11.8575 -1.3950 97.0905
12.5550 -1.3950 85.4402
13.2525 -1.3950 89.2505
13.9500 -1.3950 96.3943
14.6475 -1.3950 93.2180
15.3450 -1.3950 84.6866
16.0425 -1.3950 83.7537
16.7400 -1.3950 90.3989
17.4375 -1.3950 98.9396
18.1350 -1.3950 111.1398
18.8325 -1.3950 118.6716
19.5300 -1.3950 105.9297
20.2275 -1.3950 93.5682
20.9250 -1.3950 92.8952
21.6225 -1.3950 92.2221
22.3200 -1.3950 89.3235
23.0175 -1.3950 86.1215
23.7150 -1.3950 84.3954
24.4125 -1.3950 83.2197
25.1100 -1.3950 93.0929
25.8075 -1.3950 111.2673
26.5050 -1.3950 124.3815
27.2025 -1.3950 130.5894
27.9000 -1.3950 130.7563
28.5975 -1.3950 113.7276
29.2950 -1.3950 98.1727
29.9925 -1.3950 94.6233
30.6900 -1.3950 91.0738
31.3875 -1.3950 94.7221
32.0850 -1.3950 98.7069
32.7825 -1.3950 96.5091
33.4800 -1.3950 92.8019
34.1775 -1.3950 94.0844
34.8750 -1.3950 98.0286
35.5725 -1.3950 99.7033
36.2700 -1.3950 99.1223
36.9675 -1.3950 98.7094
37.6650 -1.3950 98.5882
38.3625 -1.3950 98.8754
39.0600 -1.3950 100.8673
39.7575 -1.3950 102.9394
40.4550 -1.3950 106.6055
41.1525 -1.3950 110.2716
41.8500 -1.3950 104.2308
42.5475 -1.3950 97.0125
43.2450 -1.3950 91.5082
43.9425 -1.3950 86.6210
44.6400 -1.3950 90.9968
45.3375 -1.3950 101.8510
46.0350 -1.3950 103.9898
46.7325 -1.3950 94.8736
47.4300 -1.3950 91.9896
48.1275 -1.3950 104.6357
48.8250 -1.3950 116.1459
49.5225 -1.3950 120.4108
50.2200 -1.3950 124.6758
50.9175 -1.3950 104.2798
51.6150 -1.3950 83.4969
52.3125 -1.3950 84.0009
53.0100 -1.3950 88.7697
53.7075 -1.3950 92.4434
54.4050 -1.3950 95.6027
55.1025 -1.3950 98.7764
55.8000 -1.3950 101.9619
56.4975 -1.3950 102.8864
57.1950 -1.3950 100.1325
57.8925 -1.3950 98.4769
58.5900 -1.3950 100.5263
59.2875 -1.3950 102.4747
59.9850 -1.3950 103.0797
60.6825 -1.3950 103.6847
61.3800 -1.3950 87.9645
62.0775 -1.3950 82.2566
62.7750 -1.3950 76.1766
63.4725 -1.3950 69.9787
64.1700 -1.3950 91.0425
64.8675 -1.3950 142.4097
65.5650 -1.3950 161.9383
66.2625 -1.3950 145.9498
66.9600 -1.3950 212.8075
67.6575 -1.3950 117.1815
68.3550 -1.3950 47.0813
69.0525 -1.3950 100.7432
69.7500 -1.3950 99.8284
0.0000 -0.6975 127.5323
0.6975 -0.6975 119.0290
1.3950 -0.6975 87.8500
2.0925 -0.6975 56.2316
2.7900 -0.6975 77.5072
3.4875 -0.6975 110.0205
4.1850 -0.6975 111.1688
4.8825 -0.6975 109.2282
5.5800 -0.6975 104.3168
6.2775 -0.6975 96.8083
6.9750 -0.6975 94.7516
7.6725 -0.6975 103.1334
8.3700 -0.6975 108.6910
9.0675 -0.6975 103.7576
9.7650 -0.6975 99.4117
10.4625 -0.6975 103.8020
11.1600 -0.6975 108.1943
11.8575 -0.6975 98.0625
12.5550 -0.6975 86.3610
13.2525 -0.6975 88.7345
13.9500 -0.6975 95.9021
14.6475 -0.6975 93.7630
15.3450 -0.6975 85.2095
16.0425 -0.6975 83.3451
16.7400 -0.6975 90.0063
17.4375 -0.6975 98.2636
18.1350 -0.6975 110.4880
18.8325 -0.6975 119.3269
19.5300 -0.6975 106.5632
20.2275 -0.6975 93.7990
20.9250 -0.6975 92.9280
21.6225 -0.6975 92.2539
22.3200 -0.6975 89.4707
23.0175 -0.6975 86.2644
23.7150 -0.6975 84.4423
24.4125 -0.6975 83.2654
25.1100 -0.6975 92.3520
25.8075 -0.6975 110.5459
26.5050 -0.6975 124.1879
27.2025 -0.6975 130.3996
27.9000 -0.6975 131.3494
28.5975 -0.6975 114.3072
29.2950 -0.6975 98.2864
29.9925 -0.6975 94.7347
30.6900 -0.6975 91.1829
31.3875 -0.6975 94.5996
32.0850 -0.6975 98.5868
32.7825 -0.6975 96.6206
33.4800 -0.6975 92.9113
34.1775 -0.6975 93.9693
34.8750 -0.6975 97.9157
35.5725 -0.6975 99.7243
36.2700 -0.6975 99.1428
36.9675 -0.6975 98.7110
37.6650 -0.6975 98.5899
38.3625 -0.6975 98.8265
39.0600 -0.6975 100.8192
39.7575 -0.6975 102.8455
40.4550 -0.6975 106.5132
41.1525 -0.6975 110.1809
41.8500 -0.6975 104.3961
42.5475 -0.6975 97.1753
43.2450 -0.6975 91.6243
43.9425 -0.6975 86.7353
44.6400 -0.6975 90.7661
45.3375 -0.6975 101.6236
46.0350 -0.6975 104.1798
46.7325 -0.6975 95.0610
47.4300 -0.6975 91.7140
48.1275 -0.6975 104.3641
48.8250 -0.6975 116.0540
49.5225 -0.6975 120.3202
50.2200 -0.6975 124.5864
50.9175 -0.6975 104.7029
51.6150 -0.6975 83.9144
52.3125 -0.6975 83.9078
53.0100 -0.6975 88.6778
53.7075 -0.6975 92.3820
54.4050 -0.6975 95.5421
55.1025 -0.6975 98.7157
55.8000 -0.6975 101.9019
56.4975 -0.6975 102.9417
57.1950 -0.6975 100.1871
57.8925 -0.6975 98.4432
58.5900 -0.6975 100.4930
59.2875 -0.6975 102.4592
59.9850 -0.6975 103.0645
60.6825 -0.6975 103.6697
61.3800 -0.6975 88.0644
62.0775 -0.6975 82.3554
62.7750 -0.6975 76.2768
63.4725 -0.6975 70.0778
64.1700 -0.6975 90.2136
64.8675 -0.6975 141.5892
65.5650 -0.6975 162.1865
66.2625 -0.6975 146.1953
66.9600 -0.6975 214.3015
67.6575 -0.6975 118.6608
68.3550 -0.6975 46.2600
69.0525 -0.6975 99.9301
69.7500 -0.6975 99.8284
0.0000 -0.0000 125.5179
0.6975 -0.0000 151.6658
1.3950 -0.0000 89.7031
2.0925 -0.0000 57.8925
2.7900 -0.0000 75.9813
3.4875 -0.0000 108.6242
4.1850 -0.0000 111.1611
4.8825 -0.0000 109.2287
5.5800 -0.0000 104.6456
6.2775 -0.0000 97.1104
6.9750 -0.0000 94.3964
7.6725 -0.0000 102.8061
8.3700 -0.0000 108.9171
9.0675 -0.0000 103.9660
9.7650 -0.0000 99.2160
10.4625 -0.0000 103.6209
11.1600 -0.0000 108.0258
11.8575 -0.0000 98.3876
12.5550 -0.0000 86.6688
13.2525 -0.0000 88.5621
13.9500 -0.0000 95.7377
14.6475 -0.0000 93.9451
15.3450 -0.0000 85.3840
16.0425 -0.0000 83.2087
16.7400 -0.0000 89.8752
17.4375 -0.0000 98.0380
18.1350 -0.0000 110.2705
18.8325 -0.0000 119.5455
19.5300 -0.0000 106.7746
20.2275 -0.0000 94.0036
20.9250 -0.0000 92.9390
21.6225 -0.0000 92.2645
22.3200 -0.0000 89.5199
23.0175 -0.0000 86.3121
23.7150 -0.0000 84.4580
24.4125 -0.0000 83.2807
25.1100 -0.0000 92.1048
25.8075 -0.0000 110.3053
26.5050 -0.0000 124.1233
27.2025 -0.0000 130.3363
27.9000 -0.0000 131.5472
28.5975 -0.0000 114.5005
29.2950 -0.0000 98.3244
29.9925 -0.0000 94.7718
30.6900 -0.0000 91.2193
31.3875 -0.0000 94.5587
32.0850 -0.0000 98.5468
32.7825 -0.0000 96.6578
33.4800 -0.0000 92.9478
34.1775 -0.0000 93.9309
34.8750 -0.0000 97.8781
35.5725 -0.0000 99.7313
36.2700 -0.0000 99.1496
36.9675 -0.0000 98.7116
37.6650 -0.0000 98.5904
38.3625 -0.0000 98.8102
39.0600 -0.0000 100.8032
39.7575 -0.0000 102.8142
40.4550 -0.0000 106.4824
41.1525 -0.0000 110.1506
41.8500 -0.0000 104.4512
42.5475 -0.0000 97.2296
43.2450 -0.0000 91.6630
43.9425 -0.0000 86.7734
44.6400 -0.0000 90.6892
45.3375 -0.0000 101.5477
46.0350 -0.0000 104.2432
46.7325 -0.0000 95.1235
47.4300 -0.0000 91.6222
48.1275 -0.0000 104.2735
48.8250 -0.0000 116.0233
49.5225 -0.0000 120.2900
50.2200 -0.0000 124.5566
50.9175 -0.0000 104.8440
51.6150 -0.0000 84.0537
52.3125 -0.0000 83.8768
53.0100 -0.0000 88.6472
53.7075 -0.0000 92.3615
54.4050 -0.0000 95.5219
55.1025 -0.0000 98.6954
55.8000 -0.0000 101.8819
56.4975 -0.0000 102.9602
57.1950 -0.0000 100.2053
57.8925 -0.0000 98.4320
58.5900 -0.0000 100.4819
59.2875 -0.0000 102.4541
59.9850 -0.0000 103.0594
60.6825 -0.0000 103.6647
61.3800 -0.0000 88.0978
62.0775 -0.0000 82.3884
62.7750 -0.0000 76.3102
63.4725 -0.0000 70.1109
64.1700 -0.0000 89.9370
64.8675 -0.0000 141.3160
65.5650 -0.0000 162.2692
66.2625 -0.0000 146.2773
66.9600 -0.0000 214.7995
67.6575 -0.0000 119.1536
68.3550 -0.0000 45.9858
69.0525 -0.0000 99.6588
69.7500 -0.0000 99.8284
0.0000 0.6975 127.5323
0.6975 0.6975 119.0290
1.3950 0.6975 87.8500
2.0925 0.6975 56.2316
2.7900 0.6975 77.5072
3.4875 0.6975 110.0205
4.1850 0.6975 111.1688
4.8825 0.6975 109.2282
5.5800 0.6975 104.3168
6.2775 0.6975 96.8083
6.9750 0.6975 94.7516
7.6725 0.6975 103.1334
8.3700 0.6975 108.6910
9.0675 0.6975 103.7576
9.7650 0.6975 99.4117
10.4625 0.6975 103.8020
11.1600 0.6975 108.1943
11.8575 0.6975 98.0625
12.5550 0.6975 86.3610
13.2525 0.6975 88.7345
13.9500 0.6975 95.9021
14.6475 0.6975 93.7630
15.3450 0.6975 85.2095
16.0425 0.6975 83.3451
16.7400 0.6975 90.0063
17.4375 0.6975 98.2636
18.1350 0.6975 110.4880
18.8325 0.6975 119.3269
19.5300 0.6975 106.5632
20.2275 0.6975 93.7990
20.9250 0.6975 92.9280
21.6225 0.6975 92.2539
22.3200 0.6975 89.4707
23.0175 0.6975 86.2644
23.7150 0.6975 84.4423
24.4125 0.6975 83.2654
25.1100 0.6975 92.3520
25.8075 0.6975 110.5459
26.5050 0.6975 124.1879
27.2025 0.6975 130.3996
27.9000 0.6975 131.3494
28.5975 0.6975 114.3072
29.2950 0.6975 98.2864
29.9925 0.6975 94.7347
30.6900 0.6975 91.1829
31.3875 0.6975 94.5996
32.0850 0.6975 98.5868
32.7825 0.6975 96.6206
33.4800 0.6975 92.9113
34.1775 0.6975 93.9693
34.8750 0.6975 97.9157
35.5725 0.6975 99.7243
36.2700 0.6975 99.1428
36.9675 0.6975 98.7110
37.6650 0.6975 98.5899
38.3625 0.6975 98.8265
39.0600 0.6975 100.8192
39.7575 0.6975 102.8455
40.4550 0.6975 106.5132
41.1525 0.6975 110.1809
41.8500 0.6975 104.3961
42.5475 0.6975 97.1753
43.2450 0.6975 91.6243
43.9425 0.6975 86.7353
44.6400 0.6975 90.7661
45.3375 0.6975 101.6236
46.0350 0.6975 104.1798
46.7325 0.6975 95.0610
47.4300 0.6975 91.7140
48.1275 0.6975 104.3641
48.8250 0.6975 116.0540
49.5225 0.6975 120.3202
50.2200 0.6975 124.5864
50.9175 0.6975 104.7029
51.6150 0.6975 83.9144
52.3125 0.6975 83.9078
53.0100 0.6975 88.6778
53.7075 0.6975 92.3820
54.4050 0.6975 95.5421
55.1025 0.6975 98.7157
55.8000 0.6975 101.9019
56.4975 0.6975 102.9417
57.1950 0.6975 100.1871
57.8925 0.6975 98.4432
58.5900 0.6975 100.4930
59.2875 0.6975 102.4592
59.9850 0.6975 103.0645
60.6825 0.6975 103.6697
61.3800 0.6975 88.0644
62.0775 0.6975 82.3554
62.7750 0.6975 76.2768
63.4725 0.6975 70.0778
64.1700 0.6975 90.2136
64.8675 0.6975 141.5892
65.5650 0.6975 162.1865
66.2625 0.6975 146.1953
66.9600 0.6975 214.3015
67.6575 0.6975 118.6608
68.3550 0.6975 46.2600
69.0525 0.6975 99.9301
69.7500 0.6975 99.8284
0.0000 1.3950 133.4379
0.6975 1.3950 113.2375
1.3950 1.3950 82.3636
2.0925 1.3950 51.1404
2.7900 1.3950 82.0462
3.4875 1.3950 114.1795
4.1850 1.3950 111.1868
4.8825 1.3950 109.2230
5.5800 1.3950 103.3383
6.2775 1.3950 95.9079
6.9750 1.3950 95.8093
7.6725 1.3950 104.1093
8.3700 1.3950 108.0173
9.0675 1.3950 103.1363
9.7650 1.3950 99.9951
10.4625 1.3950 104.3424
11.1600 1.3950 108.6973
11.8575 1.3950 97.0905
12.5550 1.3950 85.4402
13.2525 1.3950 89.2505
13.9500 1.3950 96.3943
14.6475 1.3950 93.2180
15.3450 1.3950 84.6866
16.0425 1.3950 83.7537
16.7400 1.3950 90.3989
17.4375 1.3950 98.9396
18.1350 1.3950 111.1398
18.8325 1.3950 118.6716
19.5300 1.3950 105.9297
20.2275 1.3950 93.5682
20.9250 1.3950 92.8952
21.6225 1.3950 92.2221
22.3200 1.3950 89.3235
23.0175 1.3950 86.1215
23.7150 1.3950 84.3954
24.4125 1.3950 83.2197
25.1100 1.3950 93.0929
25.8075 1.3950 111.2673
26.5050 1.3950 124.3815
27.2025 1.3950 130.5894
27.9000 1.3950 130.7563
28.5975 1.3950 113.7276
29.2950 1.3950 98.1727
29.9925 1.3950 94.6233
30.6900 1.3950 91.0738
31.3875 1.3950 94.7221
32.0850 1.3950 98.7069
32.7825 1.3950 96.5091
33.4800 1.3950 92.8019
34.1775 1.3950 94.0844
34.8750 1.3950 98.0286
35.5725 1.3950 99.7033
36.2700 1.3950 99.1223
36.9675 1.3950 98.7094
37.6650 1.3950 98.5882
38.3625 1.3950 98.8754
39.0600 1.3950 100.8673
39.7575 1.3950 102.9394
40.4550 1.3950 106.6055
41.1525 1.3950 110.2716
41.8500 1.3950 104.2308
42.5475 1.3950 97.0125
43.2450 1.3950 91.5082
43.9425 1.3950 86.6210
44.6400 1.3950 90.9968
45.3375 1.3950 101.8510
46.0350 1.3950 103.9898
46.7325 1.3950 94.8736
47.4300 1.3950 91.9896
48.1275 1.3950 104.6357
48.8250 1.3950 116.1459
49.5225 1.3950 120.4108
50.2200 1.3950 124.6758
50.9175 1.3950 104.2798
51.6150 1.3950 83.4969
52.3125 1.3950 84.0009
53.0100 1.3950 88.7697
53.7075 1.3950 92.4434
54.4050 1.3950 95.6027
55.1025 1.3950 98.7764
55.8000 1.3950 101.9619
56.4975 1.3950 102.8864
57.1950 1.3950 100.1325
57.8925 1.3950 98.4769
58.5900 1.3950 100.5263
59.2875 1.3950 102.4747
59.9850 1.3950 103.0797
60.6825 1.3950 103.6847
61.3800 1.3950 87.9645
62.0775 1.3950 82.2566
62.7750 1.3950 76.1766
63.4725 1.3950 69.9787
64.1700 1.3950 91.0425
64.8675 1.3950 142.4097
65.5650 1.3950 161.9383
66.2625 1.3950 145.9498
66.9600 1.3950 212.8075
67.6575 1.3950 117.1815
68.3550 1.3950 47.0813
69.0525 1.3950 100.7432
69.7500 1.3950 99.8284
0.0000 2.0925 142.8643
0.6975 2.0925 103.2586
1.3950 2.0925 73.4488
2.0925 2.0925 58.1727
2.7900 2.0925 89.4868
3.4875 2.0925 113.2242
4.1850 2.0925 111.2004
4.8825 2.0925 109.2033
5.5800 2.0925 101.7321
6.2775 2.0925 94.4266
6.9750 2.0925 97.5473
7.6725 2.0925 105.7162
8.3700 2.0925 106.9097
9.0675 2.0925 102.1128
9.7650 2.0925 100.9559
10.4625 2.0925 105.2337
11.1600 2.0925 107.0291
11.8575 2.0925 95.4804
12.5550 2.0925 83.9140
13.2525 2.0925 90.1065
13.9500 2.0925 97.2112
14.6475 2.0925 92.3129
15.3450 2.0925 83.8180
16.0425 2.0925 84.4324
16.7400 2.0925 91.0514
17.4375 2.0925 100.0631
18.1350 2.0925 112.2233
18.8325 2.0925 117.5820
19.5300 2.0925 104.8762
20.2275 2.0925 93.5117
20.9250 2.0925 92.8406
21.6225 2.0925 92.1693
22.3200 2.0925 89.0785
23.0175 2.0925 85.8838
23.7150 2.0925 84.3174
24.4125 2.0925 83.1437
25.1100 2.0925 94.3260
25.8075 2.0925 112.4678
26.5050 2.0925 124.7040
27.2025 2.0925 130.9055
27.9000 2.0925 129.7689
28.5975 2.0925 112.7626
29.2950 2.0925 97.9833
29.9925 2.0925 94.4379
30.6900 2.0925 90.9458
31.3875 2.0925 94.9262
32.0850 2.0925 98.9069
32.7825 2.0925 96.3233
33.4800 2.0925 92.6198
34.1775 2.0925 94.2761
34.8750 2.0925 98.2167
35.5725 2.0925 99.6684
36.2700 2.0925 99.0882
36.9675 2.0925 98.7067
37.6650 2.0925 98.5855
38.3625 2.0925 98.9568
39.0600 2.0925 100.9475
39.7575 2.0925 103.0957
40.4550 2.0925 106.7592
41.1525 2.0925 110.4228
41.8500 2.0925 103.9553
42.5475 2.0925 96.7412
43.2450 2.0925 91.3148
43.9425 2.0925 86.4306
44.6400 2.0925 91.3812
45.3375 2.0925 102.2301
46.0350 2.0925 103.6732
46.7325 2.0925 94.5614
47.4300 2.0925 92.4488
48.1275 2.0925 105.0883
48.8250 2.0925 116.2990
49.5225 2.0925 120.5618
50.2200 2.0925 124.3476
50.9175 2.0925 103.5748
51.6150 2.0925 82.8013
52.3125 2.0925 84.1560
53.0100 2.0925 88.9228
53.7075 2.0925 92.5457
54.4050 2.0925 95.7037
55.1025 2.0925 98.8776
55.8000 2.0925 102.0618
56.4975 2.0925 102.7943
57.1950 2.0925 100.0416
57.8925 2.0925 98.5330
58.5900 2.0925 100.5818
59.2875 2.0925 102.5004
59.9850 2.0925 103.1050
60.6825 2.0925 103.7097
61.3800 2.0925 87.7979
62.0775 2.0925 82.0920
62.7750 2.0925 76.0096
63.4725 2.0925 69.8135
64.1700 2.0925 92.4243
64.8675 2.0925 143.7762
65.5650 2.0925 161.5248
66.2625 2.0925 145.5404
66.9600 2.0925 210.3176
67.6575 2.0925 114.7177
68.3550 2.0925 48.4498
69.0525 2.0925 102.0982
69.7500 2.0925 99.8284
0.0000 2.7900 117.5655
0.6975 2.7900 89.8957
1.3950 2.7900 61.4082
2.0925 2.7900 69.2742
2.7900 2.7900 99.6574
3.4875 2.7900 113.2631
4.1850 2.7900 111.1893
4.8825 2.7900 106.6039
5.5800 2.7900 99.5326
6.2775 2.7900 92.4086
6.9750 2.7900 99.9309
7.6725 2.7900 107.9267
8.3700 2.7900 105.3895
9.0675 2.7900 100.7044
9.7650 2.7900 102.2777
10.4625 2.7900 106.4624
11.1600 2.7900 104.6686
11.8575 2.7900 93.2471
12.5550 2.7900 84.2578
13.2525 2.7900 91.2964
13.9500 2.7900 98.3476
14.6475 2.7900 91.0524
15.3450 2.7900 82.6081
16.0425 2.7900 85.3780
16.7400 2.7900 91.9606
17.4375 2.7900 101.6296
18.1350 2.7900 113.7343
18.8325 2.7900 116.0621
19.5300 2.7900 103.4063
20.2275 2.7900 93.4330
20.9250 2.7900 92.7644
21.6225 2.7900 91.9197
22.3200 2.7900 88.7364
23.0175 2.7900 85.5518
23.7150 2.7900 84.2083
24.4125 2.7900 83.0374
25.1100 2.7900 96.0484
25.8075 2.7900 114.1451
26.5050 2.7900 125.1550
27.2025 2.7900 131.3475
27.9000 2.7900 128.3888
28.5975 2.7900 111.4137
29.2950 2.7900 97.7185
29.9925 2.7900 94.1786
30.6900 2.7900 91.2371
31.3875 2.7900 95.2116
32.0850 2.7900 99.1866
32.7825 2.7900 96.0636
33.4800 2.7900 92.3652
34.1775 2.7900 94.5442
34.8750 2.7900 98.4797
35.5725 2.7900 99.6196
36.2700 2.7900 99.0404
36.9675 2.7900 98.7029
37.6650 2.7900 98.5818
38.3625 2.7900 99.0707
39.0600 2.7900 101.0596
39.7575 2.7900 103.3144
40.4550 2.7900 106.9742
41.1525 2.7900 110.6343
41.8500 2.7900 103.5699
42.5475 2.7900 96.3616
43.2450 2.7900 91.0443
43.9425 2.7900 86.1643
44.6400 2.7900 91.9189
45.3375 2.7900 102.7603
46.0350 2.7900 103.2303
46.7325 2.7900 94.1245
47.4300 2.7900 93.0911
48.1275 2.7900 105.7215
48.8250 2.7900 116.5132
49.5225 2.7900 120.7729
50.2200 2.7900 123.3476
50.9175 2.7900 102.5882
51.6150 2.7900 81.8280
52.3125 2.7900 84.3730
53.0100 2.7900 89.1371
53.7075 2.7900 92.6889
54.4050 2.7900 95.8451
55.1025 2.7900 99.0191
55.8000 2.7900 102.2016
56.4975 2.7900 102.6653
57.1950 2.7900 99.9143
57.8925 2.7900 98.6115
58.5900 2.7900 100.6594
59.2875 2.7900 102.5364
59.9850 2.7900 103.1405
60.6825 2.7900 103.7446
61.3800 2.7900 87.5649
62.0775 2.7900 81.8616
62.7750 2.7900 75.7759
63.4725 2.7900 69.5823
64.1700 2.7900 94.3576
64.8675 2.7900 145.6895
65.5650 2.7900 160.9459
66.2625 2.7900 144.9676
66.9600 2.7900 206.8327
67.6575 2.7900 111.2684
68.3550 2.7900 50.3655
69.0525 2.7900 103.9944
69.7500 2.7900 99.8284
0.0000 3.4875 99.5606
0.6975 3.4875 73.6169
1.3950 3.4875 54.3781
2.0925 3.4875 83.0457
2.7900 3.4875 107.5580
3.4875 3.4875 113.2505
4.1850 3.4875 111.1315
4.8825 3.4875 103.6293
5.5800 3.4875 96.7825
6.2775 3.4875 95.2291
6.9750 3.4875 102.9166
7.6725 3.4875 108.4600
8.3700 3.4875 103.4841
9.0675 3.4875 98.9332
9.7650 3.4875 103.9390
10.4625 3.4875 108.0110
11.1600 3.4875 101.6743
11.8575 3.4875 90.4100
12.5550 3.4875 85.8473
13.2525 3.4875 92.8124
13.9500 3.4875 97.8086
14.6475 3.4875 89.4433
15.3450 3.4875 81.0625
16.0425 3.4875 86.5860
16.7400 3.4875 93.1227
17.4375 3.4875 103.6325
18.1350 3.4875 115.6672
18.8325 3.4875 114.1170
19.5300 3.4875 101.5246
20.2275 3.4875 93.3322
20.9250 3.4875 92.6669
21.6225 3.4875 91.4680
22.3200 3.4875 88.2983
23.0175 3.4875 85.2491
23.7150 3.4875 84.0684
24.4125 3.4875 82.9010
25.1100 3.4875 98.2565
25.8075 3.4875 116.2957
26.5050 3.4875 125.7339
27.2025 3.4875 131.9149
27.9000 3.4875 126.6181
28.5975 3.4875 109.6831
29.2950 3.4875 97.3787
29.9925 3.4875 93.8458
30.6900 3.4875 91.6110
31.3875 3.4875 95.5778
32.0850 3.4875 99.4213
32.7825 3.4875 95.7302
33.4800 3.4875 92.0383
34.1775 3.4875 94.8883
34.8750 3.4875 98.8173
35.5725 3.4875 99.5570
36.2700 3.4875 98.9792
36.9675 3.4875 98.6981
37.6650 3.4875 98.5769
38.3625 3.4875 99.2171
39.0600 3.4875 101.2035
39.7575 3.4875 103.5952
40.4550 3.4875 107.2504
41.1525 3.4875 110.2753
41.8500 3.4875 103.0749
42.5475 3.4875 95.8740
43.2450 3.4875 90.6968
43.9425 3.4875 85.8222
44.6400 3.4875 92.6097
45.3375 3.4875 103.4415
46.0350 3.4875 102.6612
46.7325 3.4875 93.5632
47.4300 3.4875 93.9162
48.1275 3.4875 106.5349
48.8250 3.4875 116.7885
49.5225 3.4875 121.0443
50.2200 3.4875 122.0628
50.9175 3.4875 101.3208
51.6150 3.4875 80.5776
52.3125 3.4875 84.6519
53.0100 3.4875 89.4124
53.7075 3.4875 92.8729
54.4050 3.4875 96.0267
55.1025 3.4875 99.2011
55.8000 3.4875 102.3812
56.4975 3.4875 102.4997
57.1950 3.4875 99.7508
57.8925 3.4875 98.7124
58.5900 3.4875 100.7592
59.2875 3.4875 102.5827
59.9850 3.4875 103.1861
60.6825 3.4875 92.9651
61.3800 3.4875 87.2654
62.0775 3.4875 81.5656
62.7750 3.4875 75.4756
63.4725 3.4875 69.2851
64.1700 3.4875 96.8424
64.8675 3.4875 148.1478
65.5650 3.4875 160.2020
66.2625 3.4875 144.2310
66.9600 3.4875 202.3540
67.6575 3.4875 106.8368
68.3550 3.4875 52.8277
69.0525 3.4875 106.4314
69.7500 3.4875 99.8284
