电流	  ,电压1	  ,电压2	  ,电压3	  ,电压4	  ,电压5	  ,电压6	  ,电压7	  ,电压8	  ,电压9	  ,电压10	  ,电压11	  ,电压12	  ,电压13	  ,电压14	  ,电压15	  ,电压16	  ,电压17	  ,电压18	  ,电压19	  ,电压20	  ,电压21	  ,电压22	  ,电压23	  ,电压24	  ,电压25	  ,电压26	  ,电压27	  ,电压28	  ,电压29	  ,电压30	  ,电压31	  ,电压32	  ,电压33	  ,电压34	  ,电压35	  ,电压36	  ,电压37	  ,电压38	  ,电压39	  ,电压40	  ,电压41	  ,电压42	  ,电压43	  ,电压44	  ,电压45	  ,电压46	  ,电压47	  ,电压48	  ,
65.7380219	,19.9704762	,373.5296326	,139.3161316	,62.9825592	,44.4690361	,32.6041527	,21.5627556	,16.2504883	,9.2593384	,5.4301319	,-1.5506973	,-1.8836212	,-2.9891663	,-3.2265167	,-4.5253754	,-5.3745203	,-6.1611710	,-6.9406853	,-7.3570404	,-7.8345757	,-8.2958145	,-8.8756561	,-9.4187164	,-9.9601746	,-10.2077637	,-10.4353800	,-10.6920624	,-11.0460739	,-11.3829155	,-11.5892181	,-11.8559036	,-12.0759583	,-12.2721786	,-12.3712616	,-12.4284592	,-12.5920753	,-12.7263184	,-12.8613281	,-12.7789803	,-12.9447422	,-13.0131416	,-13.1483002	,-13.2751923	,-13.2531967	,-13.2332611	,-13.3285828	,-13.4348335	,-13.5091896	,
76.5019379	,435.0051575	,22.6849613	,550.2747803	,140.3907776	,91.5450592	,63.5877838	,41.6524506	,32.2077026	,20.2634926	,13.4397888	,3.4970207	,2.6991348	,1.0590897	,0.6428604	,-1.2163086	,-2.4140100	,-3.5185242	,-4.6057320	,-5.1609268	,-5.8079453	,-6.4405441	,-7.2093048	,-7.9300690	,-8.6383667	,-8.9767456	,-9.2586956	,-9.6096039	,-10.0668030	,-10.4956398	,-10.7852020	,-11.1049957	,-11.3869209	,-11.6227875	,-11.7406769	,-11.8410568	,-12.0485039	,-12.2113190	,-12.2801170	,-12.7275734	,-12.4111204	,-12.5683365	,-12.7145920	,-12.8536606	,-12.8563194	,-12.8720016	,-12.9783936	,-13.0833054	,-13.1657581	,
92.7884369	,198.3992310	,657.7443237	,7.5011539	,316.2624207	,180.3466797	,116.2321701	,73.1323776	,56.0527496	,35.6973648	,24.0842705	,9.2324543	,7.7283401	,5.2440872	,4.5640717	,1.8244629	,0.0879765	,-1.5154877	,-3.0826893	,-3.8690948	,-4.7795181	,-5.6865311	,-6.7585831	,-7.7679749	,-8.7504425	,-9.2285767	,-9.6055489	,-10.1009369	,-10.7314110	,-11.3110542	,-11.7335968	,-12.1561737	,-12.5425453	,-12.8444710	,-12.9925766	,-13.1580658	,-13.4391403	,-13.6493225	,-13.7604485	,-13.9978676	,-14.1100960	,-14.1234589	,-14.2930450	,-14.4658012	,-14.4980555	,-14.5516129	,-14.6859894	,-14.8164101	,-14.9064007	,
62.1725578	,62.5756416	,114.9595871	,210.3806000	,2.1621284	,426.0893860	,168.2822113	,86.9656677	,63.0055084	,38.2533951	,25.0044918	,11.4494104	,9.5676422	,7.3305206	,6.6597900	,4.3181305	,2.8907270	,1.5584793	,0.2967186	,-0.3470764	,-1.0825653	,-1.7962570	,-2.6354446	,-3.4176636	,-4.1763535	,-4.5465698	,-4.8402023	,-5.2214203	,-5.6971436	,-6.1475782	,-6.4637146	,-6.7791214	,-7.0761757	,-7.2915878	,-7.4075089	,-7.5252533	,-7.7379723	,-7.8995667	,-7.7350388	,-8.2198257	,-8.1575365	,-8.2512283	,-8.3790894	,-8.5117645	,-8.5347452	,-8.5683289	,-8.6667480	,-8.7658386	,-8.8370495	,
87.2857513	,64.7816925	,107.8565216	,171.2615051	,596.6304932	,-5.1870365	,497.0904541	,189.7042084	,127.8730545	,72.2628250	,44.4428635	,21.2788582	,17.3722382	,13.6513290	,12.4304733	,8.6777115	,6.4540653	,4.3857880	,2.4333458	,1.4491730	,0.3341331	,-0.7575302	,-2.0072937	,-3.1713867	,-4.2912674	,-4.8540955	,-5.2821188	,-5.8521576	,-6.5700302	,-7.2013965	,-7.6797180	,-8.1323090	,-8.5590401	,-8.8645630	,-9.0192795	,-9.2217941	,-9.5430298	,-9.7565994	,-9.9071426	,-10.2186127	,-10.1574802	,-10.2718582	,-10.4420090	,-10.6153107	,-10.6713467	,-10.7458496	,-10.8849487	,-11.0105133	,-11.1054859	,
42.0934906	,23.9273224	,36.7727280	,53.9672279	,113.6353378	,237.6799011	,-4.9294558	,201.2377930	,112.1555099	,54.9696198	,30.6889191	,14.4897861	,11.4115372	,8.9936447	,8.2052078	,5.9508972	,4.6658840	,3.4667511	,2.3784065	,1.8085480	,1.1762390	,0.5818100	,-0.1018066	,-0.7297363	,-1.3338394	,-1.6326294	,-1.8671973	,-2.1701202	,-2.5376129	,-2.8931427	,-3.1337433	,-3.3710632	,-3.6052704	,-3.7594757	,-3.8426285	,-3.9358292	,-4.0981483	,-4.2222443	,-4.2593040	,-4.3128624	,-4.4144268	,-4.4917145	,-4.5854111	,-4.6860275	,-4.7061810	,-4.7303696	,-4.8038177	,-4.8601227	,-4.9345932	,
58.1934395	,24.3199692	,35.2982483	,48.7030296	,83.1397400	,127.2398987	,276.4752197	,12.3844748	,442.0433350	,149.2427673	,67.6117630	,30.1297474	,22.0344086	,17.2036209	,15.5372543	,11.4659500	,9.2680607	,7.2524109	,5.4297981	,4.4959793	,3.4757156	,2.5157547	,1.4488220	,0.4769745	,-0.4474869	,-0.9178009	,-1.2723954	,-1.7402649	,-2.3037491	,-2.8169675	,-3.1924591	,-3.5456619	,-3.8823662	,-4.1063499	,-4.2307663	,-4.3850098	,-4.6248856	,-4.8004761	,-4.8614807	,-5.0215683	,-5.0502176	,-5.2029877	,-5.3301163	,-5.4618034	,-5.5073795	,-5.5637054	,-5.6654358	,-5.7484436	,-5.8408203	,
88.0716705	,30.6212616	,43.3298874	,58.4124069	,92.9854279	,131.3117828	,235.8435059	,666.8875122	,-31.9508305	,407.2048340	,141.5826874	,58.4210129	,39.8602982	,30.6039047	,27.3850403	,20.1371613	,16.4331341	,13.0505676	,10.0090656	,8.4708176	,6.7968483	,5.2280579	,3.5288544	,1.9878235	,0.5333328	,-0.2213135	,-0.7798300	,-1.5200348	,-2.4157562	,-3.1862850	,-3.7776642	,-4.3331528	,-4.8332939	,-5.1751595	,-5.3650589	,-5.6254654	,-5.9933548	,-6.2568054	,-6.4457779	,-6.6717529	,-6.7211704	,-6.8827057	,-7.0688782	,-7.2606239	,-7.3431730	,-7.4468842	,-7.6077881	,-7.7276192	,-7.8468018	,
85.9919891	,22.1205597	,30.2625351	,39.6564407	,58.0629349	,75.1244202	,115.3756714	,221.9498291	,396.9988708	,16.5208855	,373.0154419	,107.6531372	,59.7979012	,43.1061554	,37.6366959	,26.9893951	,22.0940037	,17.7004700	,13.8769684	,11.9369888	,9.8855057	,8.0240097	,6.0706253	,4.3354187	,2.7195129	,1.8613129	,1.2388678	,0.4219971	,-0.5542755	,-1.3715701	,-2.0037689	,-2.5834885	,-3.1147156	,-3.4662666	,-3.6734924	,-3.9505920	,-4.3379593	,-4.6092987	,-3.8896942	,-4.7839851	,-5.1159134	,-5.2757568	,-5.4654465	,-5.6565552	,-5.7503424	,-5.8609161	,-6.0257416	,-6.1456795	,-6.2705374	,
66.9655914	,13.6741028	,18.0297470	,23.1353912	,31.3565197	,37.8788948	,51.7667694	,79.8908691	,108.8567810	,289.1389771	,0.4828873	,224.2384796	,81.0443268	,52.2667236	,43.9441528	,30.4139328	,24.6610336	,19.7500000	,15.6003304	,13.5120773	,11.3626595	,9.4713516	,7.5459747	,5.8726501	,4.3371811	,3.5232849	,2.9275415	,2.1652832	,1.2583847	,0.5233436	,-0.0397186	,-0.5685425	,-1.0441589	,-1.3495560	,-1.5316162	,-1.7808762	,-2.1240654	,-2.3663101	,-2.4592018	,-2.7256622	,-2.7905045	,-2.9530869	,-3.1168671	,-3.2871399	,-3.3688087	,-3.4643326	,-3.6043091	,-3.7057838	,-3.8255463	,
49.0112724	,6.4768906	,8.3971100	,10.6024590	,13.8229876	,16.1689377	,20.6265411	,28.3028011	,34.7066650	,62.3675957	,162.5036621	,2.4672756	,117.2727051	,54.4053192	,41.2915764	,26.0071869	,20.6953449	,16.2963715	,12.8050461	,11.0233917	,9.2558594	,7.7830811	,6.3362274	,5.1128387	,4.0027237	,3.4022064	,2.9617398	,2.4181976	,1.7861710	,1.2822971	,0.9140930	,0.5473557	,0.2333488	,0.0234985	,-0.1040497	,-0.2712173	,-0.4985123	,-0.6633301	,-0.6165314	,-0.8961296	,-1.0107670	,-1.0752258	,-1.1834946	,-1.2983856	,-1.3480568	,-1.4069366	,-1.4956360	,-1.5620270	,-1.6505203	,
48.4919624	,6.0228806	,7.6469345	,9.5665016	,12.0592337	,13.6925659	,16.7387543	,21.1597672	,24.0722961	,34.9807854	,59.4311523	,113.0459824	,25.7287369	,202.9735107	,113.4294891	,53.7012024	,39.8950653	,30.0703278	,22.8446198	,19.3118362	,15.9691391	,13.3053741	,10.8246765	,8.8018036	,7.0125427	,6.0433044	,5.3451066	,4.4993286	,3.5276947	,2.7945938	,2.2402954	,1.7042084	,1.2456665	,0.9604530	,0.7798309	,0.5332260	,0.2111778	,-0.0164337	,-0.1975670	,-0.4298668	,-0.4126129	,-0.5740433	,-0.7230682	,-0.8734818	,-0.9512672	,-1.0381470	,-1.1637726	,-1.2622032	,-1.3570442	,
87.0551605	,9.7268677	,12.2282562	,15.1734333	,19.0015297	,21.2369213	,25.4680939	,31.2232857	,34.8027954	,46.8759422	,70.1491318	,95.9522934	,362.6113586	,28.7442474	,572.7937012	,152.3805847	,104.4442520	,74.7502594	,54.9802055	,45.5521088	,36.9897194	,30.5013428	,24.7120209	,20.1056976	,16.0954895	,13.8870087	,12.3245716	,10.4650116	,8.3696060	,6.8354311	,5.6561432	,4.5209122	,3.5920372	,2.9925194	,2.5978470	,2.0754471	,1.4137230	,0.9561768	,0.6035233	,0.1799240	,0.0540028	,-0.1817856	,-0.4822159	,-0.7696114	,-0.9360466	,-1.1350861	,-1.3992920	,-1.6082344	,-1.7586136	,
41.0151215	,4.3884583	,5.4949799	,6.8291264	,8.4371796	,9.3990841	,11.1883659	,13.4809399	,14.7818604	,19.3216286	,28.2788391	,34.2230186	,95.4748840	,266.2549133	,18.0010166	,123.6221390	,70.3468094	,46.7753677	,33.1279144	,26.9633560	,21.6209526	,17.5945129	,14.1373901	,11.4520264	,9.1453400	,7.8840027	,6.9895458	,5.9449005	,4.7746429	,3.9301300	,3.2969055	,2.6847839	,2.1741714	,1.8466759	,1.6397552	,1.3633652	,1.0080452	,0.7620697	,0.9529438	,0.3925629	,0.2871075	,0.1590576	,0.0022583	,-0.1569061	,-0.2431202	,-0.3405457	,-0.4693756	,-0.5826645	,-0.6751785	,
45.9886551	,4.2720566	,5.3001251	,6.5491276	,8.0040255	,8.8159742	,10.3474007	,12.1678619	,13.1066589	,16.3229408	,22.4984379	,24.4372292	,51.0023651	,79.3861389	,136.9161530	,31.6303902	,271.8772278	,102.8081970	,60.3574104	,45.9428062	,34.8805428	,27.5744247	,21.6788864	,17.3402100	,13.7321091	,11.7486877	,10.3666029	,8.8112183	,7.1235657	,5.9408255	,5.0650177	,4.2065506	,3.5235481	,3.0777435	,2.7820511	,2.4086838	,1.9391899	,1.6153946	,-0.6678696	,1.1301041	,1.0205135	,0.8186874	,0.6145172	,0.4147301	,0.3011665	,0.1685104	,-0.0051117	,-0.1492653	,-0.2552576	,
55.5356712	,4.6721497	,5.7737198	,7.1054173	,8.6520243	,9.4714394	,11.0391922	,12.8504868	,13.7552490	,16.7947159	,22.6294403	,23.7545147	,46.1777840	,66.3114471	,95.1679993	,325.6965027	,1.8165703	,296.4846802	,107.9421921	,73.9833450	,52.7038231	,40.3809509	,31.1046143	,24.5798874	,19.2848206	,16.3581848	,14.3541107	,12.1580658	,9.8197937	,8.2337780	,7.0596924	,5.8996353	,5.0024796	,4.4056625	,4.0123520	,3.5096207	,2.8989029	,2.4790268	,3.3882351	,1.9125748	,1.6770725	,1.4367447	,1.1773071	,0.9265442	,0.7754478	,0.6020660	,0.3763123	,0.1938782	,0.0694027	,
65.3769989	,4.9977493	,6.1392975	,7.6060066	,9.1192198	,9.9248676	,11.4921951	,13.2431641	,14.0805359	,16.7952995	,22.3789883	,22.5284309	,41.8436432	,56.7443237	,75.7470551	,146.6905670	,349.1051941	,33.1994934	,275.6283569	,137.5667114	,84.8554535	,61.4336243	,45.6695709	,35.3634262	,27.2594223	,22.8677368	,19.8913059	,16.7371674	,13.4735184	,11.3117027	,9.7344666	,8.1626663	,6.9794006	,6.1817780	,5.6358719	,4.9798279	,4.1852036	,3.6462173	,-0.1052532	,2.8564377	,2.6090984	,2.2939529	,1.9627228	,1.6498260	,1.4532661	,1.2283401	,0.9376984	,0.7066956	,0.5557308	,
73.1731873	,5.0067902	,6.1194077	,7.4749813	,9.0164480	,9.7668400	,11.2303925	,12.8185692	,13.5447845	,15.9889603	,20.5011978	,20.4764309	,36.1372871	,47.5033951	,60.6243401	,97.1034775	,143.0465088	,306.2989197	,-7.5674057	,463.7251892	,156.9642792	,98.0270004	,67.8853989	,50.6850662	,38.0118484	,31.1773987	,26.7265377	,22.2333984	,17.7475967	,14.8837585	,12.8316040	,10.7557373	,9.2445488	,8.2045898	,7.5010529	,6.6504517	,5.6584549	,4.9908066	,-2.9425170	,3.9693718	,3.6678753	,3.3070908	,2.9044266	,2.5286522	,2.2850399	,2.0103378	,1.6568604	,1.3796158	,1.1976509	,
54.0042839	,3.4398651	,4.2263718	,5.1622458	,6.1929989	,6.7002010	,7.6787167	,8.6970825	,9.1401672	,10.6937599	,13.5664549	,13.2760181	,22.8251724	,29.3137474	,36.7190170	,54.8522034	,72.7166748	,113.3847809	,340.9956970	,25.5366859	,256.1027832	,111.8944473	,67.8738556	,48.1608582	,34.8482552	,27.9416962	,23.5823860	,19.3628845	,15.2822723	,12.7542610	,10.9880676	,9.1756592	,7.8943672	,6.9952469	,6.3895798	,5.6767654	,4.8551559	,4.3020096	,3.7187729	,3.5752029	,3.2397957	,2.9147568	,2.5898514	,2.2841492	,2.0873175	,1.8720474	,1.5820160	,1.3613510	,1.2083349	,
86.2964478	,5.1624222	,6.2798767	,7.6350651	,9.1548462	,9.8415174	,11.2280617	,12.6476479	,13.2368088	,15.2634048	,19.0460548	,18.3255882	,30.7831192	,38.6706085	,47.5495300	,67.2061768	,83.4114838	,112.5081329	,184.9896851	,406.9910889	,14.3255005	,514.3120728	,179.7526398	,111.3949127	,74.6241531	,57.4499664	,47.2386169	,37.9549866	,29.3962097	,24.3338718	,20.8787231	,17.3234177	,14.8915367	,13.1690216	,11.9987793	,10.6584473	,9.1474991	,8.1471786	,7.2342682	,6.5771790	,6.1786251	,5.6256180	,5.0460587	,4.5128860	,4.1607761	,3.7600555	,3.2518311	,2.8531151	,2.6106386	,
59.2508583	,3.2591858	,3.9550629	,4.8087769	,5.7305374	,6.1579714	,7.0047245	,7.8361244	,8.1662445	,9.3403282	,11.6182795	,10.9337797	,18.0090561	,22.2567673	,27.0342941	,36.8418579	,44.2346535	,56.2050705	,79.6167831	,122.4433594	,351.3029785	,30.7081642	,323.8909302	,129.3400269	,72.1635437	,51.6017151	,40.6598282	,31.6502228	,23.8896179	,19.5426617	,16.6819763	,13.7108612	,11.7472038	,10.3284569	,9.3867188	,8.3132629	,7.1443558	,6.3730164	,5.7412224	,5.2298355	,4.8596458	,4.4371414	,4.0052490	,3.6065445	,3.3414745	,3.0471497	,2.6711578	,2.3757248	,2.1902018	,
40.2884140	,1.9906540	,2.4115372	,2.9369078	,3.4730797	,3.7271748	,4.2428780	,4.7112350	,4.8874130	,5.5429382	,6.9717999	,6.3494377	,10.2939987	,12.5263901	,15.0874443	,19.9561539	,23.4230595	,28.6272736	,37.6947250	,50.6434326	,83.5428085	,219.3159485	,31.1788883	,328.3890991	,89.2670288	,51.9663696	,37.0660095	,27.0951080	,19.5427170	,15.6802826	,13.2681885	,10.7354279	,9.1448822	,7.9639931	,7.1933289	,6.3458557	,5.4492874	,4.8607254	,4.5066452	,3.9129639	,3.7694874	,3.3958817	,3.0823898	,2.7897034	,2.5940323	,2.3822556	,2.1159668	,1.8986053	,1.7592831	,
42.1242905	,2.0942001	,2.2676926	,2.7510300	,3.2435055	,3.4832292	,3.9453926	,4.3619919	,4.5154114	,5.0966034	,6.3387976	,5.7379375	,9.1354752	,11.0317841	,13.1427574	,17.0326233	,19.6599655	,23.4476166	,29.6481094	,37.8223152	,54.3905029	,91.9543457	,340.3184204	,36.9149666	,296.3579407	,103.7313232	,59.3616867	,38.3300476	,25.5081024	,19.8325214	,16.5318909	,13.0663452	,11.0172386	,9.4673958	,8.4584122	,7.4182205	,6.3480263	,5.6548996	,5.1208992	,4.6014900	,4.3778801	,3.9386978	,3.5858459	,3.2610054	,3.0380716	,2.8009186	,2.5016785	,2.2635155	,2.1111894	,
55.1415863	,2.2138748	,2.6645813	,3.2154322	,3.7897129	,4.0511198	,4.5731010	,5.0427322	,5.2112579	,5.8364410	,7.1599340	,6.4665155	,10.1320267	,12.1216583	,14.2978516	,18.1732483	,20.6617050	,24.1317215	,29.5305023	,36.2913475	,48.1545029	,67.5937042	,121.6784134	,385.8725891	,21.9561157	,389.0826721	,144.5343018	,75.9110641	,44.3830261	,32.8942757	,26.8322067	,20.5161438	,17.0485229	,14.3796806	,12.6790237	,10.9971237	,9.3540192	,8.3088303	,7.5230408	,6.6897812	,6.2387505	,5.7360840	,5.2319641	,4.7752953	,4.4551477	,4.1152878	,3.6880798	,3.3543701	,3.1451130	,
37.9744644	,1.4101257	,1.6987686	,2.0632887	,2.4074821	,2.5774918	,2.9152279	,3.1951561	,3.2931442	,3.6772614	,4.5904441	,4.0223303	,6.2493286	,7.4075470	,8.7072525	,10.9011154	,12.2564430	,14.0700302	,16.8052711	,20.1278763	,25.6141796	,33.4032288	,48.8742714	,93.0516205	,265.1864319	,40.5714455	,279.3890991	,95.9883423	,44.5404510	,30.7020874	,24.1581345	,17.7251740	,14.4218826	,11.9112129	,10.3408966	,8.8562622	,7.4724808	,6.5927658	,5.8322868	,5.2843132	,4.9343929	,4.4927521	,4.0994873	,3.7408104	,3.4907169	,3.2294464	,2.9020996	,2.6467171	,2.4829874	,
38.0694580	,1.3615417	,1.6344604	,1.9754019	,2.3066559	,2.4617767	,2.7822800	,3.0402374	,3.1252441	,3.4722977	,4.3292642	,3.7505331	,5.7798538	,6.8101959	,7.9648438	,9.8528748	,10.9757786	,12.4564209	,14.6336174	,17.2298508	,21.3272705	,26.5472260	,35.1528740	,53.5739670	,99.1324158	,277.3049927	,1.0216534	,242.8222046	,70.0678711	,43.0457687	,32.5339203	,22.5869904	,17.9715385	,14.4341469	,12.3063889	,10.3897324	,8.6687889	,7.6083984	,6.9232483	,6.2836342	,5.6565781	,5.1185455	,4.6664124	,4.2623444	,3.9785652	,3.6832123	,3.3178711	,3.0287476	,2.8472762	,
57.8581543	,1.9526520	,2.3348923	,2.8021259	,3.2813721	,3.4928179	,3.9189091	,4.2831230	,4.4001083	,4.8566284	,5.9079456	,5.1889124	,7.9093857	,9.2687302	,10.7592392	,13.1561508	,14.5168533	,16.2965698	,18.8345146	,21.8562317	,26.3956871	,31.7244263	,39.4342575	,52.9697876	,79.6320801	,146.0204468	,366.1396790	,40.5990791	,252.6335144	,110.2998962	,75.2303162	,47.2742386	,36.0403252	,27.7699356	,22.9639587	,18.9408035	,15.5386848	,13.4964676	,11.9675255	,10.5354042	,9.7429466	,8.8565598	,8.0649796	,7.3664417	,6.8693161	,6.3539276	,5.7189941	,5.2245674	,4.9306593	,
53.9261322	,1.6521149	,1.9704132	,2.3613949	,2.7520599	,2.9271617	,3.2791100	,3.5693970	,3.6613617	,4.0232925	,4.9060502	,4.2517252	,6.4038467	,7.4535446	,8.6052017	,10.3908081	,11.3744869	,12.6230011	,14.3842430	,16.4350357	,19.3868065	,22.6416473	,26.8126526	,33.1216354	,43.6040039	,63.2868385	,98.3455734	,232.2250977	,-16.6316624	,270.0944824	,138.1297913	,69.0525055	,49.0933685	,35.1197701	,27.6685486	,21.9785995	,17.5522614	,14.9957809	,13.2468262	,11.6772842	,10.4981899	,9.4438477	,8.5792084	,7.8281193	,7.2821522	,6.7281418	,6.0453949	,5.5304413	,5.2191095	,
60.3865814	,1.7050476	,2.0293579	,2.4208717	,2.8194046	,2.9919372	,3.3483562	,3.6400452	,3.7291412	,4.0882416	,4.9541063	,4.2947083	,6.4115295	,7.4315109	,8.5425415	,10.2380981	,11.1473494	,12.2912445	,13.8889732	,15.7323456	,18.3247623	,21.0780716	,24.4160080	,29.1391144	,36.4760551	,49.1453171	,68.1050339	,114.3815231	,300.0620117	,5.8547254	,482.5744934	,125.7000885	,79.0542526	,51.4336624	,38.2725296	,29.1663857	,22.6158028	,18.9777908	,16.3918228	,14.3563881	,12.8256779	,11.4794388	,10.3969803	,9.4723110	,8.7910509	,8.1078110	,7.2843628	,6.6522789	,6.2798119	,
25.3754673	,0.6475983	,0.7731781	,0.9339228	,1.0634727	,1.1419728	,1.2840385	,1.3813934	,1.4104385	,1.5554352	,2.0612335	,1.6333771	,2.4235992	,2.7922897	,3.2143631	,3.8356171	,4.1768675	,4.5730591	,5.1638565	,5.8036728	,6.6985512	,7.6623001	,8.7463074	,10.2658997	,12.5341415	,16.3601608	,21.5489349	,32.8561707	,64.3622284	,199.7544556	,36.8720589	,92.8991547	,46.6670227	,26.9325256	,18.8814774	,13.8181000	,10.4215660	,8.5964355	,7.2275848	,6.3976898	,5.6327477	,4.9980469	,4.5216827	,4.1067066	,3.8003349	,3.5057602	,3.1522522	,2.8746109	,2.7047172	,
57.6092453	,1.3063202	,1.5641327	,1.8710861	,2.1782913	,2.3156409	,2.5959988	,2.8196716	,2.8871307	,3.1619644	,3.8792572	,3.3044577	,4.8893433	,5.6351242	,6.4481201	,7.6482391	,8.2712851	,9.0215759	,10.0801239	,11.2706223	,12.8844643	,14.5135422	,16.3099976	,18.6425705	,21.9769268	,27.4051666	,34.3755493	,47.1942978	,73.4952545	,118.7845154	,206.2358551	,-19.4081974	,327.0403137	,114.6790619	,67.0827484	,44.3508034	,31.2441788	,24.7237320	,20.3708382	,17.1044884	,14.9483538	,13.1418610	,11.7865829	,10.6577377	,9.8062687	,8.9933548	,8.0187836	,7.2908707	,6.8594813	,
55.2854195	,1.2679138	,1.4948273	,1.7619200	,2.0295372	,2.1520033	,2.3972454	,2.5908356	,2.6514206	,2.8864822	,3.5508204	,3.0130148	,4.3740845	,5.0097427	,5.7037430	,6.7151794	,7.2359982	,7.8555908	,8.7210674	,9.7011871	,11.0030708	,12.2941666	,13.6684341	,15.4045868	,17.8216705	,21.7916718	,26.5031738	,34.8737411	,50.4790955	,72.0792313	,100.4149323	,310.8385315	,-11.0981760	,248.6979675	,94.7775269	,55.1233940	,36.4441109	,27.7775650	,22.3362961	,18.6895485	,15.8332596	,13.7341309	,12.2646179	,11.0556831	,10.1400461	,9.2816925	,8.2630463	,7.5016708	,7.0525107	,
36.7273331	,1.4358826	,0.8596191	,1.0282698	,1.1833649	,1.2623594	,1.4214611	,1.5337601	,1.5663376	,1.7170639	,2.2296543	,1.7856140	,2.6165390	,2.9964523	,3.4243927	,4.0211334	,4.3314533	,4.6762390	,5.1907883	,5.7317429	,6.4577065	,7.1714783	,7.8765335	,8.7456207	,9.9068260	,11.7913208	,14.0480461	,17.6473541	,23.7207108	,30.7430191	,38.1414032	,71.2839813	,160.7086029	,17.2449017	,172.5289001	,63.7501068	,36.2890549	,25.5931549	,19.1202850	,15.4710045	,12.8384371	,10.8905334	,9.6076355	,8.5756454	,7.7972250	,7.0873642	,6.2576447	,5.6417999	,5.2770681	,
75.4007874	,1.6052704	,1.8880005	,2.2112360	,2.5550079	,2.6966486	,2.9952049	,3.2325516	,3.3009262	,3.5793457	,4.2827282	,3.6878147	,5.3156433	,6.0585709	,6.8648605	,8.0107880	,8.5688744	,9.2360840	,10.1462173	,11.1766281	,12.5172157	,13.7673340	,15.0020599	,16.4390411	,18.3334122	,21.4531097	,25.0228119	,30.4134445	,38.8865662	,47.6041870	,55.5497055	,86.7722473	,127.0816040	,351.3141479	,-22.5927830	,265.9904175	,118.4781647	,75.2034607	,52.2690353	,41.1207428	,32.5714264	,27.0922966	,23.6460190	,20.9611053	,18.9352093	,17.1174126	,15.0029297	,13.4926758	,12.6134233	,
32.1038628	,0.6420441	,0.7575073	,0.8941145	,1.0173187	,1.0787398	,1.2085552	,1.2921295	,1.3143311	,1.4307175	,1.8828659	,1.4688873	,2.1117706	,2.3960190	,2.7199326	,3.1616211	,3.3843880	,3.6254272	,3.9848900	,4.3573837	,4.8433533	,5.3111954	,5.7304230	,6.2197723	,6.8370667	,7.8791809	,9.0519867	,10.7331543	,13.1963577	,15.4184551	,17.3298645	,24.3399353	,31.2747650	,54.9987183	,109.8928833	,22.1988583	,118.6018829	,55.1607475	,32.6632919	,23.9648552	,17.8850594	,14.3365021	,12.2901077	,10.7468071	,9.5995369	,8.6039886	,7.4705048	,6.6639938	,6.1913209	,
45.0315132	,0.8565369	,1.0036316	,1.1746073	,1.3377495	,1.4185979	,1.5732307	,1.6877594	,1.7199020	,1.8640976	,2.3597832	,1.9162121	,2.7219086	,3.0809860	,3.4829102	,4.0290527	,4.2966766	,4.5939026	,5.0289192	,5.4708481	,6.0698853	,6.6160049	,7.1026230	,7.6480103	,8.3261833	,9.4807434	,10.7678146	,12.5059204	,14.9240723	,16.9401836	,18.4967728	,24.2601318	,29.2297974	,44.3395081	,69.5777588	,162.7951660	,14.6563063	,200.3218079	,74.6155472	,47.4962006	,32.5707321	,24.7947235	,20.7925491	,17.8979321	,15.7557211	,13.9634438	,11.9523315	,10.5812225	,9.7795134	,
49.3387489	,0.8998718	,1.0526886	,1.2282286	,1.3984795	,1.4781207	,1.6380901	,1.7575150	,1.7904663	,1.9369965	,2.4336357	,1.9849453	,2.8071899	,3.1708221	,3.5750885	,4.1242065	,4.3900394	,4.6836395	,5.1153526	,5.5573349	,6.1371613	,6.6653214	,7.1267548	,7.6331024	,8.2534523	,9.3238220	,10.5069466	,12.0418091	,14.1112442	,15.7109270	,16.8519974	,21.1912537	,24.5472641	,34.3669891	,48.5236359	,83.9557648	,216.8155670	,27.0383663	,165.4486084	,79.1501465	,46.7329292	,33.3002129	,27.2572250	,23.0824509	,19.9985065	,17.5272484	,14.8080902	,13.0018692	,11.9435415	,
43.5820503	,0.7282715	,0.8947144	,1.0459051	,1.1868134	,1.2552291	,1.3907661	,1.4887161	,1.5149307	,1.6450424	,2.0967503	,1.6688251	,2.3556824	,2.6570587	,2.9940414	,3.4431458	,3.6623325	,3.8963013	,4.2495346	,4.6050339	,5.0666275	,5.4889832	,5.8429260	,6.2278595	,6.6898766	,7.5071869	,8.3981323	,9.5257111	,10.9988861	,12.0230694	,12.7159653	,15.4516373	,17.3348999	,22.8928566	,29.8975983	,44.0339355	,71.2858734	,141.9382172	,16.9257202	,164.0403442	,64.2829132	,39.9860344	,31.3340302	,25.7854614	,21.7648735	,18.7480240	,15.5226746	,13.4601555	,12.2561531	,
77.5184555	,1.5330200	,1.5605316	,1.7985544	,2.0519104	,2.1603851	,2.3780670	,2.5532761	,2.6013794	,2.8009415	,3.3531647	,2.8573589	,3.9941788	,4.4959412	,5.0436020	,5.7867279	,6.1306801	,6.5248108	,7.0739689	,7.6710052	,8.4307899	,9.0944290	,9.6655350	,10.2609711	,10.9828453	,12.2563171	,13.6479301	,15.3509674	,17.5129967	,19.0061111	,19.8930817	,23.7260666	,26.1610947	,33.3594589	,42.0252228	,57.4218674	,81.5035477	,123.1641998	,289.5097046	,18.1327171	,225.0940399	,103.1396103	,74.7732391	,58.8570290	,47.9530258	,40.3444901	,32.5189056	,27.7437286	,24.9886875	,
56.5901375	,0.9514771	,1.1058197	,1.2656002	,1.4624023	,1.5374423	,1.6994686	,1.8188019	,1.8485794	,1.9840546	,2.4630737	,2.0095139	,2.8206253	,3.1692657	,3.5609741	,4.0755005	,4.3134155	,4.5764465	,4.9577732	,5.3558807	,5.8667755	,6.3161392	,6.6823883	,7.0618439	,7.5121498	,8.3453827	,9.2446556	,10.3150024	,11.6279831	,12.4642029	,12.9133301	,15.0702057	,16.2939453	,20.1278343	,24.4812317	,31.5843506	,40.7880173	,53.0649986	,82.9198761	,161.4969330	,8.0487728	,201.9871826	,103.5969238	,70.6635132	,53.2471008	,42.4581909	,32.4346924	,26.7354736	,23.5972919	,
53.0174942	,0.8601074	,0.9983978	,1.1636992	,1.3171692	,1.3856293	,1.5306892	,1.6343765	,1.6596832	,1.7770309	,2.2379913	,1.7961197	,2.5167923	,2.8246613	,3.1717224	,3.6230164	,3.8311348	,4.0522003	,4.3888550	,4.7267838	,5.1681709	,5.5531082	,5.8570251	,6.1690979	,6.5352402	,7.2335358	,7.9807777	,8.8532867	,9.9044418	,10.5201607	,10.8221893	,12.4501572	,13.2880936	,16.1172371	,19.0836029	,23.7932663	,29.0833950	,35.4903183	,48.3138504	,69.5598068	,185.9553528	,24.0598640	,320.1882629	,138.6637115	,86.2063141	,60.9477234	,42.1783447	,32.9795761	,28.3273010	,
47.3539696	,0.7337036	,0.8521423	,0.9921041	,1.1184158	,1.1776683	,1.2999077	,1.3876648	,1.4086304	,1.5119629	,1.9393044	,1.5235176	,2.1270370	,2.3830643	,2.6740036	,3.0478058	,3.2216473	,3.4028778	,3.6901627	,3.9608917	,4.3202095	,4.6375198	,4.8826294	,5.1338806	,5.4248810	,5.9880676	,6.5879097	,7.2832031	,8.1009636	,8.5726757	,8.7938232	,10.0325775	,10.6370392	,12.7210674	,14.9325256	,18.2442055	,21.8669777	,25.9543762	,33.9154587	,45.3015747	,85.5650787	,281.1829224	,-17.5508556	,284.9822998	,124.5229645	,76.2717209	,47.2178650	,35.1543045	,29.4514370	,
43.1661835	,0.6388855	,0.7436676	,0.8638277	,0.9729309	,1.0256329	,1.1313534	,1.2060471	,1.2235794	,1.3130875	,1.7198963	,1.3229103	,1.8405533	,2.0592804	,2.3088684	,2.6262207	,2.7746544	,2.9270325	,3.1729164	,3.4005508	,3.7012215	,3.9700165	,4.1724243	,4.3808594	,4.6189728	,5.0882568	,5.5842037	,6.1526337	,6.8283310	,7.1897507	,7.3495636	,8.3269806	,8.8039551	,10.4229746	,12.1210022	,14.6025505	,17.2188454	,20.0910645	,25.5114288	,32.5840111	,53.4210892	,111.1252747	,256.7409058	,-3.7538404	,253.4362793	,112.9058914	,56.7144470	,38.7808228	,31.5430012	,
69.6041107	,1.0268555	,1.1875916	,1.3706541	,1.5526772	,1.6296883	,1.7896614	,1.9123459	,1.9417191	,2.0735474	,2.5455513	,2.0900879	,2.8886490	,3.2279739	,3.6062546	,4.0952606	,4.3161888	,4.5535889	,4.9139843	,5.2688904	,5.7355690	,6.1319275	,6.4408112	,6.7469940	,7.1029205	,7.8014984	,8.5477066	,9.3838806	,10.3525658	,10.8918924	,11.0952530	,12.4866180	,13.1410065	,15.4201078	,17.8265228	,21.1504555	,24.5925751	,28.2864647	,34.8817062	,43.0183182	,65.3030701	,112.2729874	,181.9449768	,405.5713501	,9.8998547	,571.7332764	,160.6692200	,87.2494278	,65.5632858	,
52.0122070	,0.8474731	,0.8550873	,0.9844823	,1.1097870	,1.1702476	,1.2812481	,1.3677139	,1.3883820	,1.4850464	,1.8998585	,1.4964523	,2.0604477	,2.2978821	,2.5670929	,2.9101257	,3.0680904	,3.2286224	,3.4909840	,3.7311401	,4.0519676	,4.3309784	,4.5408478	,4.7509766	,4.9900208	,5.4736176	,5.9844398	,6.5557556	,7.2151184	,7.5580406	,7.6855164	,8.6005936	,9.0149155	,10.5161152	,12.0585938	,14.1912079	,16.3052387	,18.5278511	,22.4696045	,27.0927238	,38.8959198	,59.1632004	,83.1570587	,134.7768860	,424.1105957	,23.0235443	,252.1936646	,93.9925461	,62.7860641	,
36.3264008	,0.4855347	,0.5604858	,0.6517324	,0.7262535	,0.7635131	,0.8445854	,0.8982086	,0.9107742	,0.9753647	,1.3522587	,0.9834785	,1.3493347	,1.5012970	,1.6793137	,1.8986664	,2.0050411	,2.0998535	,2.2829189	,2.4220123	,2.6231117	,2.8036346	,2.9316254	,3.0673065	,3.2068024	,3.5129242	,3.8309975	,4.1809387	,4.6126823	,4.7815971	,4.8530884	,5.3958893	,5.6238747	,6.5128727	,7.3914566	,8.6209717	,9.7635536	,10.9272728	,12.9689484	,15.2271233	,20.8022079	,28.5309029	,35.7871094	,46.9808655	,82.8758850	,172.9419708	,-56.1026993	,164.1877594	,73.7100983	,
88.8799744	,1.2017670	,1.3814697	,1.5812302	,1.7752228	,1.8574295	,2.0272579	,2.1649399	,2.1999207	,2.3450317	,2.7870846	,2.3689289	,3.2030106	,3.5556641	,3.9436493	,4.4487457	,4.6720943	,4.9136200	,5.2898102	,5.6364136	,6.1079979	,6.4998093	,6.8002853	,7.0892334	,7.4233551	,8.0952454	,8.8114796	,9.5919495	,10.4893112	,10.9195633	,11.0430450	,12.2311707	,12.7199326	,14.6060152	,16.5437317	,19.0138474	,21.3598213	,23.7577324	,27.7928486	,32.0042725	,42.1268654	,55.1973801	,65.8852692	,79.6535034	,111.2022552	,159.9248199	,398.4105835	,-13.3924475	,383.7922363	,
79.0042648	,1.0503845	,1.2073669	,1.3787670	,1.5500526	,1.6209483	,1.7694092	,1.8861465	,1.9154739	,2.0398712	,2.4719906	,2.0539684	,2.7763519	,3.0801239	,3.4186020	,3.8515472	,4.0418015	,4.2431793	,4.5783958	,4.8589783	,5.2595863	,5.5916214	,5.8419266	,6.0821533	,6.3578720	,6.9247589	,7.5269051	,8.1757660	,8.9147263	,9.2678356	,9.3586273	,10.3341675	,10.7113800	,12.2547016	,13.8185577	,15.7965393	,17.6239662	,19.4753876	,22.5778999	,25.6902885	,33.1251907	,42.0696869	,49.1927032	,57.2078705	,74.2688141	,94.8554077	,159.1749878	,338.4958191	,4.2108011	,
