X ,Y ,Z ,AO ,Res ,A ,B ,M ,N 
    3.5000,    0.0000,   -1.1250,    2.2500, 36.896160,     3, 10000,     2,     1,
    5.0000,    0.0000,   -1.1250,    2.2500, 52.789257,     4, 10000,     3,     2,
    6.5000,    0.0000,   -1.1250,    2.2500, 76.601692,     5, 10000,     4,     3,
    5.0000,    0.0000,   -2.2500,    4.5000, 25.729719,     5, 10000,     3,     1,
    8.0000,    0.0000,   -1.1250,    2.2500, 46.622387,     6, 10000,     5,     4,
    6.5000,    0.0000,   -2.2500,    4.5000, 22.994095,     6, 10000,     4,     2,
    9.5000,    0.0000,   -1.1250,    2.2500, 49.996777,     7, 10000,     6,     5,
    8.0000,    0.0000,   -2.2500,    4.5000, 19.169935,     7, 10000,     5,     3,
    6.5000,    0.0000,   -3.3750,    6.7500,  9.330465,     7, 10000,     4,     1,
   11.0000,    0.0000,   -1.1250,    2.2500, 63.760555,     8, 10000,     7,     6,
    9.5000,    0.0000,   -2.2500,    4.5000, 26.421555,     8, 10000,     6,     4,
    8.0000,    0.0000,   -3.3750,    6.7500, 10.293683,     8, 10000,     5,     2,
   12.5000,    0.0000,   -1.1250,    2.2500, 75.871681,     9, 10000,     8,     7,
   11.0000,    0.0000,   -2.2500,    4.5000, 26.593987,     9, 10000,     7,     5,
    9.5000,    0.0000,   -3.3750,    6.7500, 11.341785,     9, 10000,     6,     3,
    8.0000,    0.0000,   -4.5000,    9.0000,  5.775878,     9, 10000,     5,     1,
   14.0000,    0.0000,   -1.1250,    2.2500, 13.451887,    10, 10000,     9,     8,
   12.5000,    0.0000,   -2.2500,    4.5000, 14.509566,    10, 10000,     8,     6,
   11.0000,    0.0000,   -3.3750,    6.7500, 10.954436,    10, 10000,     7,     4,
    9.5000,    0.0000,   -4.5000,    9.0000,  8.962918,    10, 10000,     6,     2,
   15.5000,    0.0000,   -1.1250,    2.2500, 12.503893,    11, 10000,    10,     9,
   14.0000,    0.0000,   -2.2500,    4.5000,  6.835497,    11, 10000,     9,     7,
   12.5000,    0.0000,   -3.3750,    6.7500,  8.898757,    11, 10000,     8,     5,
   11.0000,    0.0000,   -4.5000,    9.0000,  7.646463,    11, 10000,     7,     3,
    9.5000,    0.0000,   -5.6250,   11.2500,  6.971756,    11, 10000,     6,     1,
   17.0000,    0.0000,   -1.1250,    2.2500,  6.818618,    12, 10000,    11,    10,
   15.5000,    0.0000,   -2.2500,    4.5000,  9.989806,    12, 10000,    10,     8,
   14.0000,    0.0000,   -3.3750,    6.7500,  6.225133,    12, 10000,     9,     6,
   12.5000,    0.0000,   -4.5000,    9.0000,  9.339615,    12, 10000,     8,     4,
   11.0000,    0.0000,   -5.6250,   11.2500,  8.382505,    12, 10000,     7,     2,
   18.5000,    0.0000,   -1.1250,    2.2500, 17.593346,    13, 10000,    12,    11,
   17.0000,    0.0000,   -2.2500,    4.5000,  6.927267,    13, 10000,    11,     9,
   15.5000,    0.0000,   -3.3750,    6.7500, 11.159699,    13, 10000,    10,     7,
   14.0000,    0.0000,   -4.5000,    9.0000,  7.523068,    13, 10000,     9,     5,
   12.5000,    0.0000,   -5.6250,   11.2500,  9.999138,    13, 10000,     8,     3,
   11.0000,    0.0000,   -6.7500,   13.5000,  9.345477,    13, 10000,     7,     1,
   20.0000,    0.0000,   -1.1250,    2.2500, 13.254718,    14, 10000,    13,    12,
   18.5000,    0.0000,   -2.2500,    4.5000,  7.596782,    14, 10000,    12,    10,
   17.0000,    0.0000,   -3.3750,    6.7500,  5.402902,    14, 10000,    11,     8,
   15.5000,    0.0000,   -4.5000,    9.0000, 10.710480,    14, 10000,    10,     6,
   14.0000,    0.0000,   -5.6250,   11.2500,  6.948571,    14, 10000,     9,     4,
   12.5000,    0.0000,   -6.7500,   13.5000,  9.136724,    14, 10000,     8,     2,
   21.5000,    0.0000,   -1.1250,    2.2500, 24.980303,    15, 10000,    14,    13,
   20.0000,    0.0000,   -2.2500,    4.5000, 10.756391,    15, 10000,    13,    11,
   18.5000,    0.0000,   -3.3750,    6.7500,  8.767601,    15, 10000,    12,     9,
   17.0000,    0.0000,   -4.5000,    9.0000,  5.274992,    15, 10000,    11,     7,
   15.5000,    0.0000,   -5.6250,   11.2500, 10.934927,    15, 10000,    10,     5,
   14.0000,    0.0000,   -6.7500,   13.5000,  6.089399,    15, 10000,     9,     3,
   12.5000,    0.0000,   -7.8750,   15.7500,  8.315241,    15, 10000,     8,     1,
   23.0000,    0.0000,   -1.1250,    2.2500, 17.855631,    16, 10000,    15,    14,
   21.5000,    0.0000,   -2.2500,    4.5000, 10.114078,    16, 10000,    14,    12,
   20.0000,    0.0000,   -3.3750,    6.7500,  8.025847,    16, 10000,    13,    10,
   18.5000,    0.0000,   -4.5000,    9.0000,  7.622242,    16, 10000,    12,     8,
   17.0000,    0.0000,   -5.6250,   11.2500,  5.400558,    16, 10000,    11,     6,
   15.5000,    0.0000,   -6.7500,   13.5000, 10.673659,    16, 10000,    10,     4,
   14.0000,    0.0000,   -7.8750,   15.7500,  5.745040,    16, 10000,     9,     2,
   24.5000,    0.0000,   -1.1250,    2.2500, 10.807515,    17, 10000,    16,    15,
   23.0000,    0.0000,   -2.2500,    4.5000, 11.780407,    17, 10000,    15,    13,
   21.5000,    0.0000,   -3.3750,    6.7500, 11.456932,    17, 10000,    14,    11,
   20.0000,    0.0000,   -4.5000,    9.0000, 11.367668,    17, 10000,    13,     9,
   18.5000,    0.0000,   -5.6250,   11.2500,  8.359282,    17, 10000,    12,     7,
   17.0000,    0.0000,   -6.7500,   13.5000,  6.671578,    17, 10000,    11,     5,
   15.5000,    0.0000,   -7.8750,   15.7500, 10.859785,    17, 10000,    10,     3,
   14.0000,    0.0000,   -9.0000,   18.0000,  5.817028,    17, 10000,     9,     1,
   26.0000,    0.0000,   -1.1250,    2.2500, 15.106359,    18, 10000,    17,    16,
   24.5000,    0.0000,   -2.2500,    4.5000, 10.476291,    18, 10000,    16,    14,
   23.0000,    0.0000,   -3.3750,    6.7500, 11.872997,    18, 10000,    15,    12,
   21.5000,    0.0000,   -4.5000,    9.0000,  9.742615,    18, 10000,    14,    10,
   20.0000,    0.0000,   -5.6250,   11.2500, 10.653462,    18, 10000,    13,     8,
   18.5000,    0.0000,   -6.7500,   13.5000,  8.555782,    18, 10000,    12,     6,
   17.0000,    0.0000,   -7.8750,   15.7500,  6.615289,    18, 10000,    11,     4,
   15.5000,    0.0000,   -9.0000,   18.0000, 10.470333,    18, 10000,    10,     2,
   27.5000,    0.0000,   -1.1250,    2.2500, 54.125744,    19, 10000,    18,    17,
   26.0000,    0.0000,   -2.2500,    4.5000, 10.146795,    19, 10000,    17,    15,
   24.5000,    0.0000,   -3.3750,    6.7500, 10.428224,    19, 10000,    16,    13,
   23.0000,    0.0000,   -4.5000,    9.0000, 13.500048,    19, 10000,    15,    11,
   21.5000,    0.0000,   -5.6250,   11.2500, 12.859665,    19, 10000,    14,     9,
   20.0000,    0.0000,   -6.7500,   13.5000, 11.260350,    19, 10000,    13,     7,
   18.5000,    0.0000,   -7.8750,   15.7500,  9.666121,    19, 10000,    12,     5,
   17.0000,    0.0000,   -9.0000,   18.0000,  6.475680,    19, 10000,    11,     3,
   15.5000,    0.0000,  -10.1250,   20.2500, 10.554829,    19, 10000,    10,     1,
   29.0000,    0.0000,   -1.1250,    2.2500, 58.512981,    20, 10000,    19,    18,
   27.5000,    0.0000,   -2.2500,    4.5000, 21.274843,    20, 10000,    18,    16,
   26.0000,    0.0000,   -3.3750,    6.7500, 10.292243,    20, 10000,    17,    14,
   24.5000,    0.0000,   -4.5000,    9.0000, 12.062371,    20, 10000,    16,    12,
   23.0000,    0.0000,   -5.6250,   11.2500, 11.791399,    20, 10000,    15,    10,
   21.5000,    0.0000,   -6.7500,   13.5000, 12.124890,    20, 10000,    14,     8,
   20.0000,    0.0000,   -7.8750,   15.7500, 11.518332,    20, 10000,    13,     6,
   18.5000,    0.0000,   -9.0000,   18.0000,  9.696598,    20, 10000,    12,     4,
   17.0000,    0.0000,  -10.1250,   20.2500,  6.230359,    20, 10000,    11,     2,
   30.5000,    0.0000,   -1.1250,    2.2500, 41.420994,    21, 10000,    20,    19,
   29.0000,    0.0000,   -2.2500,    4.5000, 23.656820,    21, 10000,    19,    17,
   27.5000,    0.0000,   -3.3750,    6.7500, 13.723557,    21, 10000,    18,    15,
   26.0000,    0.0000,   -4.5000,    9.0000, 11.030394,    21, 10000,    17,    13,
   24.5000,    0.0000,   -5.6250,   11.2500, 14.030680,    21, 10000,    16,    11,
   23.0000,    0.0000,   -6.7500,   13.5000, 14.684566,    21, 10000,    15,     9,
   21.5000,    0.0000,   -7.8750,   15.7500, 12.510265,    21, 10000,    14,     7,
   20.0000,    0.0000,   -9.0000,   18.0000, 12.532534,    21, 10000,    13,     5,
   18.5000,    0.0000,  -10.1250,   20.2500,  9.662733,    21, 10000,    12,     3,
   17.0000,    0.0000,  -11.2500,   22.5000,  6.468214,    21, 10000,    11,     1,
   32.0000,    0.0000,   -1.1250,    2.2500,  5.251577,    22, 10000,    21,    20,
   30.5000,    0.0000,   -2.2500,    4.5000,  8.199677,    22, 10000,    20,    18,
   29.0000,    0.0000,   -3.3750,    6.7500,  8.888137,    22, 10000,    19,    16,
   27.5000,    0.0000,   -4.5000,    9.0000,  8.936085,    22, 10000,    18,    14,
   26.0000,    0.0000,   -5.6250,   11.2500,  9.646390,    22, 10000,    17,    12,
   24.5000,    0.0000,   -6.7500,   13.5000,  9.611631,    22, 10000,    16,    10,
   23.0000,    0.0000,   -7.8750,   15.7500, 10.854582,    22, 10000,    15,     8,
   21.5000,    0.0000,   -9.0000,   18.0000, 10.122875,    22, 10000,    14,     6,
   20.0000,    0.0000,  -10.1250,   20.2500, 10.125871,    22, 10000,    13,     4,
   18.5000,    0.0000,  -11.2500,   22.5000,  7.624180,    22, 10000,    12,     2,
   33.5000,    0.0000,   -1.1250,    2.2500, 30.631462,    23, 10000,    22,    21,
   32.0000,    0.0000,   -2.2500,    4.5000,  7.498014,    23, 10000,    21,    19,
   30.5000,    0.0000,   -3.3750,    6.7500, 10.431554,    23, 10000,    20,    17,
   29.0000,    0.0000,   -4.5000,    9.0000, 10.694253,    23, 10000,    19,    15,
   27.5000,    0.0000,   -5.6250,   11.2500, 10.922873,    23, 10000,    18,    13,
   26.0000,    0.0000,   -6.7500,   13.5000, 12.475071,    23, 10000,    17,    11,
   24.5000,    0.0000,   -7.8750,   15.7500, 13.052507,    23, 10000,    16,     9,
   23.0000,    0.0000,   -9.0000,   18.0000, 12.147070,    23, 10000,    15,     7,
   21.5000,    0.0000,  -10.1250,   20.2500, 11.828470,    23, 10000,    14,     5,
   20.0000,    0.0000,  -11.2500,   22.5000, 10.932658,    23, 10000,    13,     3,
   18.5000,    0.0000,  -12.3750,   24.7500,  8.371434,    23, 10000,    12,     1,
   35.0000,    0.0000,   -1.1250,    2.2500, 68.455910,    24, 10000,    23,    22,
   33.5000,    0.0000,   -2.2500,    4.5000, 18.205412,    24, 10000,    22,    20,
   32.0000,    0.0000,   -3.3750,    6.7500,  9.217663,    24, 10000,    21,    18,
   30.5000,    0.0000,   -4.5000,    9.0000, 11.844686,    24, 10000,    20,    16,
   29.0000,    0.0000,   -5.6250,   11.2500, 12.437047,    24, 10000,    19,    14,
   27.5000,    0.0000,   -6.7500,   13.5000, 13.239306,    24, 10000,    18,    12,
   26.0000,    0.0000,   -7.8750,   15.7500, 12.058140,    24, 10000,    17,    10,
   24.5000,    0.0000,   -9.0000,   18.0000, 12.523470,    24, 10000,    16,     8,
   23.0000,    0.0000,  -10.1250,   20.2500, 12.361156,    24, 10000,    15,     6,
   21.5000,    0.0000,  -11.2500,   22.5000, 11.893057,    24, 10000,    14,     4,
   20.0000,    0.0000,  -12.3750,   24.7500, 10.728250,    24, 10000,    13,     2,
   36.5000,    0.0000,   -1.1250,    2.2500,118.472641,    25, 10000,    24,    23,
   35.0000,    0.0000,   -2.2500,    4.5000, 37.494820,    25, 10000,    23,    21,
   33.5000,    0.0000,   -3.3750,    6.7500, 12.462202,    25, 10000,    22,    19,
   32.0000,    0.0000,   -4.5000,    9.0000,  9.585065,    25, 10000,    21,    17,
   30.5000,    0.0000,   -5.6250,   11.2500, 10.908503,    25, 10000,    20,    15,
   29.0000,    0.0000,   -6.7500,   13.5000, 11.181675,    25, 10000,    19,    13,
   27.5000,    0.0000,   -7.8750,   15.7500, 12.319338,    25, 10000,    18,    11,
   26.0000,    0.0000,   -9.0000,   18.0000, 11.584646,    25, 10000,    17,     9,
   24.5000,    0.0000,  -10.1250,   20.2500, 10.880091,    25, 10000,    16,     7,
   23.0000,    0.0000,  -11.2500,   22.5000, 11.192595,    25, 10000,    15,     5,
   21.5000,    0.0000,  -12.3750,   24.7500, 10.130998,    25, 10000,    14,     3,
   20.0000,    0.0000,  -13.5000,   27.0000,  9.266211,    25, 10000,    13,     1,
   38.0000,    0.0000,   -1.1250,    2.2500,  3.381474,    26, 10000,    25,    24,
   36.5000,    0.0000,   -2.2500,    4.5000,  1.206250,    26, 10000,    24,    22,
   35.0000,    0.0000,   -3.3750,    6.7500,  0.527374,    26, 10000,    23,    20,
   33.5000,    0.0000,   -4.5000,    9.0000,  0.303409,    26, 10000,    22,    18,
   32.0000,    0.0000,   -5.6250,   11.2500,  0.149932,    26, 10000,    21,    16,
   30.5000,    0.0000,   -6.7500,   13.5000,  0.167474,    26, 10000,    20,    14,
   29.0000,    0.0000,   -7.8750,   15.7500,  0.141993,    26, 10000,    19,    12,
   27.5000,    0.0000,   -9.0000,   18.0000,  0.251772,    26, 10000,    18,    10,
   26.0000,    0.0000,  -10.1250,   20.2500,  0.475251,    26, 10000,    17,     8,
   24.5000,    0.0000,  -11.2500,   22.5000,  0.195066,    26, 10000,    16,     6,
   23.0000,    0.0000,  -12.3750,   24.7500,  0.089901,    26, 10000,    15,     4,
   21.5000,    0.0000,  -13.5000,   27.0000,  0.352574,    26, 10000,    14,     2,
   39.5000,    0.0000,   -1.1250,    2.2500, 17.962856,    27, 10000,    26,    25,
   38.0000,    0.0000,   -2.2500,    4.5000, 29.781366,    27, 10000,    25,    23,
   36.5000,    0.0000,   -3.3750,    6.7500, 13.099879,    27, 10000,    24,    21,
   35.0000,    0.0000,   -4.5000,    9.0000,  6.965173,    27, 10000,    23,    19,
   33.5000,    0.0000,   -5.6250,   11.2500,  5.844511,    27, 10000,    22,    17,
   32.0000,    0.0000,   -6.7500,   13.5000,  6.863943,    27, 10000,    21,    15,
   30.5000,    0.0000,   -7.8750,   15.7500,  7.860922,    27, 10000,    20,    13,
   29.0000,    0.0000,   -9.0000,   18.0000,  8.417003,    27, 10000,    19,    11,
   27.5000,    0.0000,  -10.1250,   20.2500,  8.202644,    27, 10000,    18,     9,
   26.0000,    0.0000,  -11.2500,   22.5000,  8.211864,    27, 10000,    17,     7,
   24.5000,    0.0000,  -12.3750,   24.7500,  7.537064,    27, 10000,    16,     5,
   23.0000,    0.0000,  -13.5000,   27.0000,  7.574188,    27, 10000,    15,     3,
   21.5000,    0.0000,  -14.6250,   29.2500,  7.073813,    27, 10000,    14,     1,
   41.0000,    0.0000,   -1.1250,    2.2500, 87.234131,    28, 10000,    27,    26,
   39.5000,    0.0000,   -2.2500,    4.5000,  3.588751,    28, 10000,    26,    24,
   38.0000,    0.0000,   -3.3750,    6.7500,  7.705372,    28, 10000,    25,    22,
   36.5000,    0.0000,   -4.5000,    9.0000,  4.973202,    28, 10000,    24,    20,
   35.0000,    0.0000,   -5.6250,   11.2500,  4.623744,    28, 10000,    23,    18,
   33.5000,    0.0000,   -6.7500,   13.5000,  4.431920,    28, 10000,    22,    16,
   32.0000,    0.0000,   -7.8750,   15.7500,  5.005127,    28, 10000,    21,    14,
   30.5000,    0.0000,   -9.0000,   18.0000,  5.546001,    28, 10000,    20,    12,
   29.0000,    0.0000,  -10.1250,   20.2500,  5.364423,    28, 10000,    19,    10,
   27.5000,    0.0000,  -11.2500,   22.5000,  5.275459,    28, 10000,    18,     8,
   26.0000,    0.0000,  -12.3750,   24.7500,  4.963316,    28, 10000,    17,     6,
   24.5000,    0.0000,  -13.5000,   27.0000,  5.028610,    28, 10000,    16,     4,
   23.0000,    0.0000,  -14.6250,   29.2500,  4.908138,    28, 10000,    15,     2,
   42.5000,    0.0000,   -1.1250,    2.2500,137.921982,    29, 10000,    28,    27,
   41.0000,    0.0000,   -2.2500,    4.5000, 33.163563,    29, 10000,    27,    25,
   39.5000,    0.0000,   -3.3750,    6.7500,  2.784057,    29, 10000,    26,    23,
   38.0000,    0.0000,   -4.5000,    9.0000,  4.045607,    29, 10000,    25,    21,
   36.5000,    0.0000,   -5.6250,   11.2500,  4.327305,    29, 10000,    24,    19,
   35.0000,    0.0000,   -6.7500,   13.5000,  4.828537,    29, 10000,    23,    17,
   33.5000,    0.0000,   -7.8750,   15.7500,  4.514401,    29, 10000,    22,    15,
   32.0000,    0.0000,   -9.0000,   18.0000,  5.075241,    29, 10000,    21,    13,
   30.5000,    0.0000,  -10.1250,   20.2500,  5.313492,    29, 10000,    20,    11,
   29.0000,    0.0000,  -11.2500,   22.5000,  5.063737,    29, 10000,    19,     9,
   27.5000,    0.0000,  -12.3750,   24.7500,  4.881447,    29, 10000,    18,     7,
   26.0000,    0.0000,  -13.5000,   27.0000,  4.511690,    29, 10000,    17,     5,
   24.5000,    0.0000,  -14.6250,   29.2500,  4.647965,    29, 10000,    16,     3,
   23.0000,    0.0000,  -15.7500,   31.5000,  4.623675,    29, 10000,    15,     1,
   44.0000,    0.0000,   -1.1250,    2.2500, 97.998192,    30, 10000,    29,    28,
   42.5000,    0.0000,   -2.2500,    4.5000, 59.658421,    30, 10000,    28,    26,
   41.0000,    0.0000,   -3.3750,    6.7500,  9.936973,    30, 10000,    27,    24,
   39.5000,    0.0000,   -4.5000,    9.0000,  3.175481,    30, 10000,    26,    22,
   38.0000,    0.0000,   -5.6250,   11.2500,  3.329259,    30, 10000,    25,    20,
   36.5000,    0.0000,   -6.7500,   13.5000,  5.186077,    30, 10000,    24,    18,
   35.0000,    0.0000,   -7.8750,   15.7500,  5.902260,    30, 10000,    23,    16,
   33.5000,    0.0000,   -9.0000,   18.0000,  5.695862,    30, 10000,    22,    14,
   32.0000,    0.0000,  -10.1250,   20.2500,  6.341015,    30, 10000,    21,    12,
   30.5000,    0.0000,  -11.2500,   22.5000,  6.501506,    30, 10000,    20,    10,
   29.0000,    0.0000,  -12.3750,   24.7500,  6.330529,    30, 10000,    19,     8,
   27.5000,    0.0000,  -13.5000,   27.0000,  6.205829,    30, 10000,    18,     6,
   26.0000,    0.0000,  -14.6250,   29.2500,  5.808122,    30, 10000,    17,     4,
   24.5000,    0.0000,  -15.7500,   31.5000,  5.528992,    30, 10000,    16,     2,
   45.5000,    0.0000,   -1.1250,    2.2500,118.392273,    31, 10000,    30,    29,
   44.0000,    0.0000,   -2.2500,    4.5000, 32.035847,    31, 10000,    29,    27,
   42.5000,    0.0000,   -3.3750,    6.7500, 11.961464,    31, 10000,    28,    25,
   41.0000,    0.0000,   -4.5000,    9.0000,  2.143365,    31, 10000,    27,    23,
   39.5000,    0.0000,   -5.6250,   11.2500,  2.802155,    31, 10000,    26,    21,
   38.0000,    0.0000,   -6.7500,   13.5000,  3.446086,    31, 10000,    25,    19,
   36.5000,    0.0000,   -7.8750,   15.7500,  5.620561,    31, 10000,    24,    17,
   35.0000,    0.0000,   -9.0000,   18.0000,  5.992681,    31, 10000,    23,    15,
   33.5000,    0.0000,  -10.1250,   20.2500,  5.811789,    31, 10000,    22,    13,
   32.0000,    0.0000,  -11.2500,   22.5000,  6.308867,    31, 10000,    21,    11,
   30.5000,    0.0000,  -12.3750,   24.7500,  6.314760,    31, 10000,    20,     9,
   29.0000,    0.0000,  -13.5000,   27.0000,  6.147616,    31, 10000,    19,     7,
   27.5000,    0.0000,  -14.6250,   29.2500,  6.118066,    31, 10000,    18,     5,
   26.0000,    0.0000,  -15.7500,   31.5000,  5.474108,    31, 10000,    17,     3,
   24.5000,    0.0000,  -16.8750,   33.7500,  5.445779,    31, 10000,    16,     1,
   47.0000,    0.0000,   -1.1250,    2.2500, 61.271111,    32, 10000,    31,    30,
   45.5000,    0.0000,   -2.2500,    4.5000, 46.171917,    32, 10000,    30,    28,
   44.0000,    0.0000,   -3.3750,    6.7500, 14.385216,    32, 10000,    29,    26,
   42.5000,    0.0000,   -4.5000,    9.0000,  3.039872,    32, 10000,    28,    24,
   41.0000,    0.0000,   -5.6250,   11.2500,  1.373809,    32, 10000,    27,    22,
   39.5000,    0.0000,   -6.7500,   13.5000,  3.760050,    32, 10000,    26,    20,
   38.0000,    0.0000,   -7.8750,   15.7500,  4.664362,    32, 10000,    25,    18,
   36.5000,    0.0000,   -9.0000,   18.0000,  7.219365,    32, 10000,    24,    16,
   35.0000,    0.0000,  -10.1250,   20.2500,  7.774059,    32, 10000,    23,    14,
   33.5000,    0.0000,  -11.2500,   22.5000,  7.575423,    32, 10000,    22,    12,
   32.0000,    0.0000,  -12.3750,   24.7500,  7.799655,    32, 10000,    21,    10,
   30.5000,    0.0000,  -13.5000,   27.0000,  8.057713,    32, 10000,    20,     8,
   29.0000,    0.0000,  -14.6250,   29.2500,  7.790966,    32, 10000,    19,     6,
   27.5000,    0.0000,  -15.7500,   31.5000,  7.498285,    32, 10000,    18,     4,
   26.0000,    0.0000,  -16.8750,   33.7500,  6.428257,    32, 10000,    17,     2,
   48.5000,    0.0000,   -1.1250,    2.2500, 35.234211,    33, 10000,    32,    31,
   47.0000,    0.0000,   -2.2500,    4.5000, 18.145504,    33, 10000,    31,    29,
   45.5000,    0.0000,   -3.3750,    6.7500, 10.701993,    33, 10000,    30,    27,
   44.0000,    0.0000,   -4.5000,    9.0000,  2.750052,    33, 10000,    29,    25,
   42.5000,    0.0000,   -5.6250,   11.2500,  1.545725,    33, 10000,    28,    23,
   41.0000,    0.0000,   -6.7500,   13.5000,  1.692369,    33, 10000,    27,    21,
   39.5000,    0.0000,   -7.8750,   15.7500,  0.583600,    33, 10000,    26,    19,
   38.0000,    0.0000,   -9.0000,   18.0000,  2.904581,    33, 10000,    25,    17,
   36.5000,    0.0000,  -10.1250,   20.2500,  3.609980,    33, 10000,    24,    15,
   35.0000,    0.0000,  -11.2500,   22.5000,  3.924314,    33, 10000,    23,    13,
   33.5000,    0.0000,  -12.3750,   24.7500,  3.323290,    33, 10000,    22,    11,
   32.0000,    0.0000,  -13.5000,   27.0000,  2.956433,    33, 10000,    21,     9,
   30.5000,    0.0000,  -14.6250,   29.2500,  2.370339,    33, 10000,    20,     7,
   29.0000,    0.0000,  -15.7500,   31.5000,  2.267848,    33, 10000,    19,     5,
   27.5000,    0.0000,  -16.8750,   33.7500,  2.437390,    33, 10000,    18,     3,
   26.0000,    0.0000,  -18.0000,   36.0000,  2.322371,    33, 10000,    17,     1,
   50.0000,    0.0000,   -1.1250,    2.2500, 44.224380,    34, 10000,    33,    32,
   48.5000,    0.0000,   -2.2500,    4.5000,117.093910,    34, 10000,    32,    30,
   47.0000,    0.0000,   -3.3750,    6.7500, 50.533237,    34, 10000,    31,    28,
   45.5000,    0.0000,   -4.5000,    9.0000, 30.387316,    34, 10000,    30,    26,
   44.0000,    0.0000,   -5.6250,   11.2500,  3.242381,    34, 10000,    29,    24,
   42.5000,    0.0000,   -6.7500,   13.5000,  1.296862,    34, 10000,    28,    22,
   41.0000,    0.0000,   -7.8750,   15.7500,  1.763014,    34, 10000,    27,    20,
   39.5000,    0.0000,   -9.0000,   18.0000,  5.414492,    34, 10000,    26,    18,
   38.0000,    0.0000,  -10.1250,   20.2500,  8.203109,    34, 10000,    25,    16,
   36.5000,    0.0000,  -11.2500,   22.5000, 11.479556,    34, 10000,    24,    14,
   35.0000,    0.0000,  -12.3750,   24.7500, 12.386269,    34, 10000,    23,    12,
   33.5000,    0.0000,  -13.5000,   27.0000, 11.099648,    34, 10000,    22,    10,
   32.0000,    0.0000,  -14.6250,   29.2500, 12.026933,    34, 10000,    21,     8,
   30.5000,    0.0000,  -15.7500,   31.5000, 12.056971,    34, 10000,    20,     6,
   29.0000,    0.0000,  -16.8750,   33.7500, 11.553425,    34, 10000,    19,     4,
   27.5000,    0.0000,  -18.0000,   36.0000, 10.277600,    34, 10000,    18,     2,
   51.5000,    0.0000,   -1.1250,    2.2500, 71.025299,    35, 10000,    34,    33,
   50.0000,    0.0000,   -2.2500,    4.5000, 15.273093,    35, 10000,    33,    31,
   48.5000,    0.0000,   -3.3750,    6.7500, 30.014837,    35, 10000,    32,    29,
   47.0000,    0.0000,   -4.5000,    9.0000, 11.401866,    35, 10000,    31,    27,
   45.5000,    0.0000,   -5.6250,   11.2500,  5.295616,    35, 10000,    30,    25,
   44.0000,    0.0000,   -6.7500,   13.5000,  0.005999,    35, 10000,    29,    23,
   42.5000,    0.0000,   -7.8750,   15.7500,  0.386113,    35, 10000,    28,    21,
   41.0000,    0.0000,   -9.0000,   18.0000,  2.018702,    35, 10000,    27,    19,
   39.5000,    0.0000,  -10.1250,   20.2500,  3.132938,    35, 10000,    26,    17,
   38.0000,    0.0000,  -11.2500,   22.5000,  6.821495,    35, 10000,    25,    15,
   36.5000,    0.0000,  -12.3750,   24.7500,  9.372282,    35, 10000,    24,    13,
   35.0000,    0.0000,  -13.5000,   27.0000, 10.164173,    35, 10000,    23,    11,
   33.5000,    0.0000,  -14.6250,   29.2500,  9.337150,    35, 10000,    22,     9,
   32.0000,    0.0000,  -15.7500,   31.5000,  9.535629,    35, 10000,    21,     7,
   30.5000,    0.0000,  -16.8750,   33.7500,  9.711102,    35, 10000,    20,     5,
   29.0000,    0.0000,  -18.0000,   36.0000,  9.149052,    35, 10000,    19,     3,
   27.5000,    0.0000,  -19.1250,   38.2500,  8.467128,    35, 10000,    18,     1,
   53.0000,    0.0000,   -1.1250,    2.2500,141.222504,    36, 10000,    35,    34,
   51.5000,    0.0000,   -2.2500,    4.5000, 67.701241,    36, 10000,    34,    32,
   50.0000,    0.0000,   -3.3750,    6.7500, 13.067668,    36, 10000,    33,    30,
   48.5000,    0.0000,   -4.5000,    9.0000, 21.769728,    36, 10000,    32,    28,
   47.0000,    0.0000,   -5.6250,   11.2500, 12.081452,    36, 10000,    31,    26,
   45.5000,    0.0000,   -6.7500,   13.5000,  2.613121,    36, 10000,    30,    24,
   44.0000,    0.0000,   -7.8750,   15.7500,  0.028709,    36, 10000,    29,    22,
   42.5000,    0.0000,   -9.0000,   18.0000,  0.263975,    36, 10000,    28,    20,
   41.0000,    0.0000,  -10.1250,   20.2500,  2.668985,    36, 10000,    27,    18,
   39.5000,    0.0000,  -11.2500,   22.5000,  4.014323,    36, 10000,    26,    16,
   38.0000,    0.0000,  -12.3750,   24.7500,  8.443650,    36, 10000,    25,    14,
   36.5000,    0.0000,  -13.5000,   27.0000, 11.752356,    36, 10000,    24,    12,
   35.0000,    0.0000,  -14.6250,   29.2500, 11.662538,    36, 10000,    23,    10,
   33.5000,    0.0000,  -15.7500,   31.5000, 11.055016,    36, 10000,    22,     8,
   32.0000,    0.0000,  -16.8750,   33.7500, 11.475988,    36, 10000,    21,     6,
   30.5000,    0.0000,  -18.0000,   36.0000, 11.563344,    36, 10000,    20,     4,
   29.0000,    0.0000,  -19.1250,   38.2500, 10.421341,    36, 10000,    19,     2,
   54.5000,    0.0000,   -1.1250,    2.2500,126.759766,    37, 10000,    36,    35,
   53.0000,    0.0000,   -2.2500,    4.5000,169.392319,    37, 10000,    35,    33,
   51.5000,    0.0000,   -3.3750,    6.7500, 83.501762,    37, 10000,    34,    31,
   50.0000,    0.0000,   -4.5000,    9.0000, 15.124699,    37, 10000,    33,    29,
   48.5000,    0.0000,   -5.6250,   11.2500, 20.681036,    37, 10000,    32,    27,
   47.0000,    0.0000,   -6.7500,   13.5000,  5.981931,    37, 10000,    31,    25,
   45.5000,    0.0000,   -7.8750,   15.7500,  2.655493,    37, 10000,    30,    23,
   44.0000,    0.0000,   -9.0000,   18.0000,  0.092389,    37, 10000,    29,    21,
   42.5000,    0.0000,  -10.1250,   20.2500,  0.779363,    37, 10000,    28,    19,
   41.0000,    0.0000,  -11.2500,   22.5000,  3.640660,    37, 10000,    27,    17,
   39.5000,    0.0000,  -12.3750,   24.7500,  4.503810,    37, 10000,    26,    15,
   38.0000,    0.0000,  -13.5000,   27.0000,  9.760489,    37, 10000,    25,    13,
   36.5000,    0.0000,  -14.6250,   29.2500, 13.830250,    37, 10000,    24,    11,
   35.0000,    0.0000,  -15.7500,   31.5000, 13.964096,    37, 10000,    23,     9,
   33.5000,    0.0000,  -16.8750,   33.7500, 12.295428,    37, 10000,    22,     7,
   32.0000,    0.0000,  -18.0000,   36.0000, 13.045971,    37, 10000,    21,     5,
   30.5000,    0.0000,  -19.1250,   38.2500, 12.702347,    37, 10000,    20,     3,
   29.0000,    0.0000,  -20.2500,   40.5000, 11.647363,    37, 10000,    19,     1,
   56.0000,    0.0000,   -1.1250,    2.2500,102.441399,    38, 10000,    37,    36,
   54.5000,    0.0000,   -2.2500,    4.5000, 76.493935,    38, 10000,    36,    34,
   53.0000,    0.0000,   -3.3750,    6.7500, 71.755859,    38, 10000,    35,    32,
   51.5000,    0.0000,   -4.5000,    9.0000, 36.272423,    38, 10000,    34,    30,
   50.0000,    0.0000,   -5.6250,   11.2500,  6.205647,    38, 10000,    33,    28,
   48.5000,    0.0000,   -6.7500,   13.5000, 13.127719,    38, 10000,    32,    26,
   47.0000,    0.0000,   -7.8750,   15.7500,  1.943904,    38, 10000,    31,    24,
   45.5000,    0.0000,   -9.0000,   18.0000,  2.229447,    38, 10000,    30,    22,
   44.0000,    0.0000,  -10.1250,   20.2500,  0.546478,    38, 10000,    29,    20,
   42.5000,    0.0000,  -11.2500,   22.5000,  1.670822,    38, 10000,    28,    18,
   41.0000,    0.0000,  -12.3750,   24.7500,  3.841782,    38, 10000,    27,    16,
   39.5000,    0.0000,  -13.5000,   27.0000,  2.468915,    38, 10000,    26,    14,
   38.0000,    0.0000,  -14.6250,   29.2500,  8.859576,    38, 10000,    25,    12,
   36.5000,    0.0000,  -15.7500,   31.5000, 10.997488,    38, 10000,    24,    10,
   35.0000,    0.0000,  -16.8750,   33.7500, 11.277209,    38, 10000,    23,     8,
   33.5000,    0.0000,  -18.0000,   36.0000, 10.426652,    38, 10000,    22,     6,
   32.0000,    0.0000,  -19.1250,   38.2500, 10.840193,    38, 10000,    21,     4,
   30.5000,    0.0000,  -20.2500,   40.5000, 10.417786,    38, 10000,    20,     2,
   57.5000,    0.0000,   -1.1250,    2.2500, 90.908203,    39, 10000,    38,    37,
   56.0000,    0.0000,   -2.2500,    4.5000, 51.575447,    39, 10000,    37,    35,
   54.5000,    0.0000,   -3.3750,    6.7500, 36.398067,    39, 10000,    36,    33,
   53.0000,    0.0000,   -4.5000,    9.0000, 28.955482,    39, 10000,    35,    31,
   51.5000,    0.0000,   -5.6250,   11.2500, 15.152556,    39, 10000,    34,    29,
   50.0000,    0.0000,   -6.7500,   13.5000,  2.494550,    39, 10000,    33,    27,
   48.5000,    0.0000,   -7.8750,   15.7500,  4.067197,    39, 10000,    32,    25,
   47.0000,    0.0000,   -9.0000,   18.0000,  1.729352,    39, 10000,    31,    23,
   45.5000,    0.0000,  -10.1250,   20.2500,  2.388170,    39, 10000,    30,    21,
   44.0000,    0.0000,  -11.2500,   22.5000,  1.937364,    39, 10000,    29,    19,
   42.5000,    0.0000,  -12.3750,   24.7500,  2.751876,    39, 10000,    28,    17,
   41.0000,    0.0000,  -13.5000,   27.0000,  3.880547,    39, 10000,    27,    15,
   39.5000,    0.0000,  -14.6250,   29.2500,  0.720581,    39, 10000,    26,    13,
   38.0000,    0.0000,  -15.7500,   31.5000,  6.322770,    39, 10000,    25,    11,
   36.5000,    0.0000,  -16.8750,   33.7500,  7.514584,    39, 10000,    24,     9,
   35.0000,    0.0000,  -18.0000,   36.0000,  7.437275,    39, 10000,    23,     7,
   33.5000,    0.0000,  -19.1250,   38.2500,  7.027038,    39, 10000,    22,     5,
   32.0000,    0.0000,  -20.2500,   40.5000,  7.009379,    39, 10000,    21,     3,
   30.5000,    0.0000,  -21.3750,   42.7500,  6.807107,    39, 10000,    20,     1,
   59.0000,    0.0000,   -1.1250,    2.2500,  8.647216,    40, 10000,    39,    38,
   57.5000,    0.0000,   -2.2500,    4.5000, 21.868546,    40, 10000,    38,    36,
   56.0000,    0.0000,   -3.3750,    6.7500, 20.031696,    40, 10000,    37,    34,
   54.5000,    0.0000,   -4.5000,    9.0000, 15.293614,    40, 10000,    36,    32,
   53.0000,    0.0000,   -5.6250,   11.2500, 13.685522,    40, 10000,    35,    30,
   51.5000,    0.0000,   -6.7500,   13.5000,  9.526070,    40, 10000,    34,    28,
   50.0000,    0.0000,   -7.8750,   15.7500,  3.323005,    40, 10000,    33,    26,
   48.5000,    0.0000,   -9.0000,   18.0000,  2.480099,    40, 10000,    32,    24,
   47.0000,    0.0000,  -10.1250,   20.2500,  1.662125,    40, 10000,    31,    22,
   45.5000,    0.0000,  -11.2500,   22.5000,  2.338426,    40, 10000,    30,    20,
   44.0000,    0.0000,  -12.3750,   24.7500,  1.985856,    40, 10000,    29,    18,
   42.5000,    0.0000,  -13.5000,   27.0000,  2.873615,    40, 10000,    28,    16,
   41.0000,    0.0000,  -14.6250,   29.2500,  4.284567,    40, 10000,    27,    14,
   39.5000,    0.0000,  -15.7500,   31.5000,  0.140819,    40, 10000,    26,    12,
   38.0000,    0.0000,  -16.8750,   33.7500,  7.336624,    40, 10000,    25,    10,
   36.5000,    0.0000,  -18.0000,   36.0000,  9.010237,    40, 10000,    24,     8,
   35.0000,    0.0000,  -19.1250,   38.2500,  9.131623,    40, 10000,    23,     6,
   33.5000,    0.0000,  -20.2500,   40.5000,  8.631772,    40, 10000,    22,     4,
   32.0000,    0.0000,  -21.3750,   42.7500,  8.256079,    40, 10000,    21,     2,
   60.5000,    0.0000,   -1.1250,    2.2500, 42.406742,    41, 10000,    40,    39,
   59.0000,    0.0000,   -2.2500,    4.5000,  8.713098,    41, 10000,    39,    37,
   57.5000,    0.0000,   -3.3750,    6.7500, 24.325014,    41, 10000,    38,    35,
   56.0000,    0.0000,   -4.5000,    9.0000, 29.777775,    41, 10000,    37,    33,
   54.5000,    0.0000,   -5.6250,   11.2500, 21.602488,    41, 10000,    36,    31,
   53.0000,    0.0000,   -6.7500,   13.5000, 19.759541,    41, 10000,    35,    29,
   51.5000,    0.0000,   -7.8750,   15.7500, 14.669520,    41, 10000,    34,    27,
   50.0000,    0.0000,   -9.0000,   18.0000,  2.305339,    41, 10000,    33,    25,
   48.5000,    0.0000,  -10.1250,   20.2500,  2.810189,    41, 10000,    32,    23,
   47.0000,    0.0000,  -11.2500,   22.5000,  0.749416,    41, 10000,    31,    21,
   45.5000,    0.0000,  -12.3750,   24.7500,  2.150239,    41, 10000,    30,    19,
   44.0000,    0.0000,  -13.5000,   27.0000,  1.116547,    41, 10000,    29,    17,
   42.5000,    0.0000,  -14.6250,   29.2500,  2.324229,    41, 10000,    28,    15,
   41.0000,    0.0000,  -15.7500,   31.5000,  5.532699,    41, 10000,    27,    13,
   39.5000,    0.0000,  -16.8750,   33.7500,  4.368165,    41, 10000,    26,    11,
   38.0000,    0.0000,  -18.0000,   36.0000, 14.539442,    41, 10000,    25,     9,
   36.5000,    0.0000,  -19.1250,   38.2500, 17.426245,    41, 10000,    24,     7,
   35.0000,    0.0000,  -20.2500,   40.5000, 17.453894,    41, 10000,    23,     5,
   33.5000,    0.0000,  -21.3750,   42.7500, 15.369450,    41, 10000,    22,     3,
   32.0000,    0.0000,  -22.5000,   45.0000, 15.671311,    41, 10000,    21,     1,
   62.0000,    0.0000,   -1.1250,    2.2500, 47.711388,    42, 10000,    41,    40,
   60.5000,    0.0000,   -2.2500,    4.5000, 12.769830,    42, 10000,    40,    38,
   59.0000,    0.0000,   -3.3750,    6.7500, 18.061960,    42, 10000,    39,    36,
   57.5000,    0.0000,   -4.5000,    9.0000, 53.046066,    42, 10000,    38,    34,
   56.0000,    0.0000,   -5.6250,   11.2500, 45.895390,    42, 10000,    37,    32,
   54.5000,    0.0000,   -6.7500,   13.5000, 31.184404,    42, 10000,    36,    30,
   53.0000,    0.0000,   -7.8750,   15.7500, 26.530357,    42, 10000,    35,    28,
   51.5000,    0.0000,   -9.0000,   18.0000, 23.053356,    42, 10000,    34,    26,
   50.0000,    0.0000,  -10.1250,   20.2500,  3.103122,    42, 10000,    33,    24,
   48.5000,    0.0000,  -11.2500,   22.5000,  4.520818,    42, 10000,    32,    22,
   47.0000,    0.0000,  -12.3750,   24.7500,  1.515819,    42, 10000,    31,    20,
   45.5000,    0.0000,  -13.5000,   27.0000,  3.125717,    42, 10000,    30,    18,
   44.0000,    0.0000,  -14.6250,   29.2500,  1.945204,    42, 10000,    29,    16,
   42.5000,    0.0000,  -15.7500,   31.5000,  3.021916,    42, 10000,    28,    14,
   41.0000,    0.0000,  -16.8750,   33.7500,  6.529605,    42, 10000,    27,    12,
   39.5000,    0.0000,  -18.0000,   36.0000,  4.717834,    42, 10000,    26,    10,
   38.0000,    0.0000,  -19.1250,   38.2500, 13.418097,    42, 10000,    25,     8,
   36.5000,    0.0000,  -20.2500,   40.5000, 16.803352,    42, 10000,    24,     6,
   35.0000,    0.0000,  -21.3750,   42.7500, 16.760517,    42, 10000,    23,     4,
   33.5000,    0.0000,  -22.5000,   45.0000, 14.254614,    42, 10000,    22,     2,
   63.5000,    0.0000,   -1.1250,    2.2500, 92.840988,    43, 10000,    42,    41,
   62.0000,    0.0000,   -2.2500,    4.5000,  8.819922,    43, 10000,    41,    39,
   60.5000,    0.0000,   -3.3750,    6.7500, 26.718927,    43, 10000,    40,    37,
   59.0000,    0.0000,   -4.5000,    9.0000, 71.534370,    43, 10000,    39,    35,
   57.5000,    0.0000,   -5.6250,   11.2500,183.336121,    43, 10000,    38,    33,
   56.0000,    0.0000,   -6.7500,   13.5000,128.286972,    43, 10000,    37,    31,
   54.5000,    0.0000,   -7.8750,   15.7500, 73.847939,    43, 10000,    36,    29,
   53.0000,    0.0000,   -9.0000,   18.0000, 56.047565,    43, 10000,    35,    27,
   51.5000,    0.0000,  -10.1250,   20.2500, 27.547419,    43, 10000,    34,    25,
   50.0000,    0.0000,  -11.2500,   22.5000,  0.726242,    43, 10000,    33,    23,
   48.5000,    0.0000,  -12.3750,   24.7500,  6.923036,    43, 10000,    32,    21,
   47.0000,    0.0000,  -13.5000,   27.0000,  3.258596,    43, 10000,    31,    19,
   45.5000,    0.0000,  -14.6250,   29.2500,  4.708996,    43, 10000,    30,    17,
   44.0000,    0.0000,  -15.7500,   31.5000,  2.732292,    43, 10000,    29,    15,
   42.5000,    0.0000,  -16.8750,   33.7500,  3.853406,    43, 10000,    28,    13,
   41.0000,    0.0000,  -18.0000,   36.0000,  8.055242,    43, 10000,    27,    11,
   39.5000,    0.0000,  -19.1250,   38.2500,  3.286081,    43, 10000,    26,     9,
   38.0000,    0.0000,  -20.2500,   40.5000, 14.275873,    43, 10000,    25,     7,
   36.5000,    0.0000,  -21.3750,   42.7500, 18.079962,    43, 10000,    24,     5,
   35.0000,    0.0000,  -22.5000,   45.0000, 17.356535,    43, 10000,    23,     3,
   33.5000,    0.0000,  -23.6250,   47.2500, 15.171857,    43, 10000,    22,     1,
   65.0000,    0.0000,   -1.1250,    2.2500,124.045433,    44, 10000,    43,    42,
   63.5000,    0.0000,   -2.2500,    4.5000, 54.338543,    44, 10000,    42,    40,
   62.0000,    0.0000,   -3.3750,    6.7500,  5.972680,    44, 10000,    41,    38,
   60.5000,    0.0000,   -4.5000,    9.0000, 20.204227,    44, 10000,    40,    36,
   59.0000,    0.0000,   -5.6250,   11.2500, 24.775293,    44, 10000,    39,    34,
   57.5000,    0.0000,   -6.7500,   13.5000, 53.967800,    44, 10000,    38,    32,
   56.0000,    0.0000,   -7.8750,   15.7500, 42.651520,    44, 10000,    37,    30,
   54.5000,    0.0000,   -9.0000,   18.0000, 28.895531,    44, 10000,    36,    28,
   53.0000,    0.0000,  -10.1250,   20.2500, 27.405348,    44, 10000,    35,    26,
   51.5000,    0.0000,  -11.2500,   22.5000, 11.922990,    44, 10000,    34,    24,
   50.0000,    0.0000,  -12.3750,   24.7500,  1.750019,    44, 10000,    33,    22,
   48.5000,    0.0000,  -13.5000,   27.0000,  4.380294,    44, 10000,    32,    20,
   47.0000,    0.0000,  -14.6250,   29.2500,  2.862447,    44, 10000,    31,    18,
   45.5000,    0.0000,  -15.7500,   31.5000,  4.204556,    44, 10000,    30,    16,
   44.0000,    0.0000,  -16.8750,   33.7500,  2.555616,    44, 10000,    29,    14,
   42.5000,    0.0000,  -18.0000,   36.0000,  4.064192,    44, 10000,    28,    12,
   41.0000,    0.0000,  -19.1250,   38.2500,  6.230171,    44, 10000,    27,    10,
   39.5000,    0.0000,  -20.2500,   40.5000,  3.566775,    44, 10000,    26,     8,
   38.0000,    0.0000,  -21.3750,   42.7500, 12.825852,    44, 10000,    25,     6,
   36.5000,    0.0000,  -22.5000,   45.0000, 16.196846,    44, 10000,    24,     4,
   35.0000,    0.0000,  -23.6250,   47.2500, 15.208251,    44, 10000,    23,     2,
   66.5000,    0.0000,   -1.1250,    2.2500,106.979866,    45, 10000,    44,    43,
   65.0000,    0.0000,   -2.2500,    4.5000, 47.644016,    45, 10000,    43,    41,
   63.5000,    0.0000,   -3.3750,    6.7500, 22.632292,    45, 10000,    42,    39,
   62.0000,    0.0000,   -4.5000,    9.0000,  9.312228,    45, 10000,    41,    37,
   60.5000,    0.0000,   -5.6250,   11.2500,  8.038918,    45, 10000,    40,    35,
   59.0000,    0.0000,   -6.7500,   13.5000, 12.121291,    45, 10000,    39,    33,
   57.5000,    0.0000,   -7.8750,   15.7500, 19.462893,    45, 10000,    38,    31,
   56.0000,    0.0000,   -9.0000,   18.0000, 19.374197,    45, 10000,    37,    29,
   54.5000,    0.0000,  -10.1250,   20.2500, 14.776978,    45, 10000,    36,    27,
   53.0000,    0.0000,  -11.2500,   22.5000, 10.046837,    45, 10000,    35,    25,
   51.5000,    0.0000,  -12.3750,   24.7500,  7.850528,    45, 10000,    34,    23,
   50.0000,    0.0000,  -13.5000,   27.0000,  1.902554,    45, 10000,    33,    21,
   48.5000,    0.0000,  -14.6250,   29.2500,  3.973148,    45, 10000,    32,    19,
   47.0000,    0.0000,  -15.7500,   31.5000,  2.911476,    45, 10000,    31,    17,
   45.5000,    0.0000,  -16.8750,   33.7500,  3.993515,    45, 10000,    30,    15,
   44.0000,    0.0000,  -18.0000,   36.0000,  2.756542,    45, 10000,    29,    13,
   42.5000,    0.0000,  -19.1250,   38.2500,  4.412664,    45, 10000,    28,    11,
   41.0000,    0.0000,  -20.2500,   40.5000,  6.712241,    45, 10000,    27,     9,
   39.5000,    0.0000,  -21.3750,   42.7500,  2.514050,    45, 10000,    26,     7,
   38.0000,    0.0000,  -22.5000,   45.0000, 11.486504,    45, 10000,    25,     5,
   36.5000,    0.0000,  -23.6250,   47.2500, 13.899309,    45, 10000,    24,     3,
   35.0000,    0.0000,  -24.7500,   49.5000, 13.361183,    45, 10000,    23,     1,
   68.0000,    0.0000,   -1.1250,    2.2500,408.328735,    46, 10000,    45,    44,
   66.5000,    0.0000,   -2.2500,    4.5000,171.696808,    46, 10000,    44,    42,
   65.0000,    0.0000,   -3.3750,    6.7500, 55.068218,    46, 10000,    43,    40,
   63.5000,    0.0000,   -4.5000,    9.0000, 21.720806,    46, 10000,    42,    38,
   62.0000,    0.0000,   -5.6250,   11.2500, 12.105842,    46, 10000,    41,    36,
   60.5000,    0.0000,   -6.7500,   13.5000,  9.248614,    46, 10000,    40,    34,
   59.0000,    0.0000,   -7.8750,   15.7500,  9.508659,    46, 10000,    39,    32,
   57.5000,    0.0000,   -9.0000,   18.0000, 18.704552,    46, 10000,    38,    30,
   56.0000,    0.0000,  -10.1250,   20.2500, 19.080492,    46, 10000,    37,    28,
   54.5000,    0.0000,  -11.2500,   22.5000, 19.212099,    46, 10000,    36,    26,
   53.0000,    0.0000,  -12.3750,   24.7500,  9.122322,    46, 10000,    35,    24,
   51.5000,    0.0000,  -13.5000,   27.0000,  8.945168,    46, 10000,    34,    22,
   50.0000,    0.0000,  -14.6250,   29.2500,  1.274159,    46, 10000,    33,    20,
   48.5000,    0.0000,  -15.7500,   31.5000,  4.834497,    46, 10000,    32,    18,
   47.0000,    0.0000,  -16.8750,   33.7500,  3.744299,    46, 10000,    31,    16,
   45.5000,    0.0000,  -18.0000,   36.0000,  4.653443,    46, 10000,    30,    14,
   44.0000,    0.0000,  -19.1250,   38.2500,  3.748620,    46, 10000,    29,    12,
   42.5000,    0.0000,  -20.2500,   40.5000,  4.109837,    46, 10000,    28,    10,
   41.0000,    0.0000,  -21.3750,   42.7500,  6.575182,    46, 10000,    27,     8,
   39.5000,    0.0000,  -22.5000,   45.0000,  2.077033,    46, 10000,    26,     6,
   38.0000,    0.0000,  -23.6250,   47.2500, 11.631782,    46, 10000,    25,     4,
   36.5000,    0.0000,  -24.7500,   49.5000, 13.671948,    46, 10000,    24,     2,
   69.5000,    0.0000,   -1.1250,    2.2500, 55.024387,    47, 10000,    46,    45,
   68.0000,    0.0000,   -2.2500,    4.5000,325.997864,    47, 10000,    45,    43,
   66.5000,    0.0000,   -3.3750,    6.7500,114.336708,    47, 10000,    44,    41,
   65.0000,    0.0000,   -4.5000,    9.0000, 36.757164,    47, 10000,    43,    39,
   63.5000,    0.0000,   -5.6250,   11.2500, 16.423574,    47, 10000,    42,    37,
   62.0000,    0.0000,   -6.7500,   13.5000, 13.730863,    47, 10000,    41,    35,
   60.5000,    0.0000,   -7.8750,   15.7500, 11.643554,    47, 10000,    40,    33,
   59.0000,    0.0000,   -9.0000,   18.0000,  8.226203,    47, 10000,    39,    31,
   57.5000,    0.0000,  -10.1250,   20.2500, 15.171608,    47, 10000,    38,    29,
   56.0000,    0.0000,  -11.2500,   22.5000, 15.015030,    47, 10000,    37,    27,
   54.5000,    0.0000,  -12.3750,   24.7500, 10.954746,    47, 10000,    36,    25,
   53.0000,    0.0000,  -13.5000,   27.0000,  7.943945,    47, 10000,    35,    23,
   51.5000,    0.0000,  -14.6250,   29.2500,  8.047837,    47, 10000,    34,    21,
   50.0000,    0.0000,  -15.7500,   31.5000,  0.674400,    47, 10000,    33,    19,
   48.5000,    0.0000,  -16.8750,   33.7500,  4.996010,    47, 10000,    32,    17,
   47.0000,    0.0000,  -18.0000,   36.0000,  3.849433,    47, 10000,    31,    15,
   45.5000,    0.0000,  -19.1250,   38.2500,  4.808418,    47, 10000,    30,    13,
   44.0000,    0.0000,  -20.2500,   40.5000,  4.266775,    47, 10000,    29,    11,
   42.5000,    0.0000,  -21.3750,   42.7500,  4.868149,    47, 10000,    28,     9,
   41.0000,    0.0000,  -22.5000,   45.0000,  6.323886,    47, 10000,    27,     7,
   39.5000,    0.0000,  -23.6250,   47.2500,  1.191555,    47, 10000,    26,     5,
   38.0000,    0.0000,  -24.7500,   49.5000, 10.710091,    47, 10000,    25,     3,
   36.5000,    0.0000,  -25.8750,   51.7500, 12.844969,    47, 10000,    24,     1,
   71.0000,    0.0000,   -1.1250,    2.2500,210.183044,    48, 10000,    47,    46,
   69.5000,    0.0000,   -2.2500,    4.5000, 99.315498,    48, 10000,    46,    44,
   68.0000,    0.0000,   -3.3750,    6.7500,137.523575,    48, 10000,    45,    42,
   66.5000,    0.0000,   -4.5000,    9.0000, 49.906940,    48, 10000,    44,    40,
   65.0000,    0.0000,   -5.6250,   11.2500, 16.258318,    48, 10000,    43,    38,
   63.5000,    0.0000,   -6.7500,   13.5000, 12.562911,    48, 10000,    42,    36,
   62.0000,    0.0000,   -7.8750,   15.7500, 10.695413,    48, 10000,    41,    34,
   60.5000,    0.0000,   -9.0000,   18.0000,  7.079838,    48, 10000,    40,    32,
   59.0000,    0.0000,  -10.1250,   20.2500,  5.959969,    48, 10000,    39,    30,
   57.5000,    0.0000,  -11.2500,   22.5000, 11.080260,    48, 10000,    38,    28,
   56.0000,    0.0000,  -12.3750,   24.7500, 14.512282,    48, 10000,    37,    26,
   54.5000,    0.0000,  -13.5000,   27.0000,  8.233327,    48, 10000,    36,    24,
   53.0000,    0.0000,  -14.6250,   29.2500,  7.294098,    48, 10000,    35,    22,
   51.5000,    0.0000,  -15.7500,   31.5000,  7.204331,    48, 10000,    34,    20,
   50.0000,    0.0000,  -16.8750,   33.7500,  0.682496,    48, 10000,    33,    18,
   48.5000,    0.0000,  -18.0000,   36.0000,  5.029847,    48, 10000,    32,    16,
   47.0000,    0.0000,  -19.1250,   38.2500,  3.991528,    48, 10000,    31,    14,
   45.5000,    0.0000,  -20.2500,   40.5000,  4.877157,    48, 10000,    30,    12,
   44.0000,    0.0000,  -21.3750,   42.7500,  3.709359,    48, 10000,    29,    10,
   42.5000,    0.0000,  -22.5000,   45.0000,  4.763513,    48, 10000,    28,     8,
   41.0000,    0.0000,  -23.6250,   47.2500,  6.220017,    48, 10000,    27,     6,
   39.5000,    0.0000,  -24.7500,   49.5000,  0.493364,    48, 10000,    26,     4,
   38.0000,    0.0000,  -25.8750,   51.7500,  9.320092,    48, 10000,    25,     2,
    3.5000,    0.0000,   -1.1250,    2.2500,  9.843708,     1, 10000,     2,     3,
    5.0000,    0.0000,   -2.2500,    4.5000, 13.349807,     1, 10000,     3,     5,
    6.5000,    0.0000,   -3.3750,    6.7500, 11.115163,     1, 10000,     4,     7,
    8.0000,    0.0000,   -4.5000,    9.0000, 11.909313,     1, 10000,     5,     9,
    9.5000,    0.0000,   -5.6250,   11.2500, 11.113040,     1, 10000,     6,    11,
   11.0000,    0.0000,   -6.7500,   13.5000,  7.982123,     1, 10000,     7,    13,
   12.5000,    0.0000,   -7.8750,   15.7500,  8.272017,     1, 10000,     8,    15,
   14.0000,    0.0000,   -9.0000,   18.0000,  5.622017,     1, 10000,     9,    17,
   15.5000,    0.0000,  -10.1250,   20.2500, 11.566388,     1, 10000,    10,    19,
   17.0000,    0.0000,  -11.2500,   22.5000,  7.812606,     1, 10000,    11,    21,
   18.5000,    0.0000,  -12.3750,   24.7500, 12.676497,     1, 10000,    12,    23,
   20.0000,    0.0000,  -13.5000,   27.0000, 15.957018,     1, 10000,    13,    25,
   21.5000,    0.0000,  -14.6250,   29.2500, 18.295519,     1, 10000,    14,    27,
   23.0000,    0.0000,  -15.7500,   31.5000, 18.766073,     1, 10000,    15,    29,
   24.5000,    0.0000,  -16.8750,   33.7500, 17.977659,     1, 10000,    16,    31,
   26.0000,    0.0000,  -18.0000,   36.0000, 16.529232,     1, 10000,    17,    33,
   27.5000,    0.0000,  -19.1250,   38.2500, 14.076571,     1, 10000,    18,    35,
   29.0000,    0.0000,  -20.2500,   40.5000, 13.139172,     1, 10000,    19,    37,
   30.5000,    0.0000,  -21.3750,   42.7500, 14.882350,     1, 10000,    20,    39,
   32.0000,    0.0000,  -22.5000,   45.0000, 13.576571,     1, 10000,    21,    41,
   33.5000,    0.0000,  -23.6250,   47.2500, 10.374412,     1, 10000,    22,    43,
   35.0000,    0.0000,  -24.7500,   49.5000, 12.780610,     1, 10000,    23,    45,
   36.5000,    0.0000,  -25.8750,   51.7500, 12.851785,     1, 10000,    24,    47,
    5.0000,    0.0000,   -1.1250,    2.2500, 45.120243,     2, 10000,     3,     4,
    6.5000,    0.0000,   -2.2500,    4.5000, 20.890345,     2, 10000,     4,     6,
    8.0000,    0.0000,   -3.3750,    6.7500, 13.497413,     2, 10000,     5,     8,
    9.5000,    0.0000,   -4.5000,    9.0000,  8.730090,     2, 10000,     6,    10,
   11.0000,    0.0000,   -5.6250,   11.2500,  8.875933,     2, 10000,     7,    12,
   12.5000,    0.0000,   -6.7500,   13.5000,  7.144539,     2, 10000,     8,    14,
   14.0000,    0.0000,   -7.8750,   15.7500,  5.043822,     2, 10000,     9,    16,
   15.5000,    0.0000,   -9.0000,   18.0000, 11.040261,     2, 10000,    10,    18,
   17.0000,    0.0000,  -10.1250,   20.2500,  7.054739,     2, 10000,    11,    20,
   18.5000,    0.0000,  -11.2500,   22.5000, 12.810074,     2, 10000,    12,    22,
   20.0000,    0.0000,  -12.3750,   24.7500, 15.364299,     2, 10000,    13,    24,
   21.5000,    0.0000,  -13.5000,   27.0000, 21.815720,     2, 10000,    14,    26,
   23.0000,    0.0000,  -14.6250,   29.2500, 18.266048,     2, 10000,    15,    28,
   24.5000,    0.0000,  -15.7500,   31.5000, 17.459057,     2, 10000,    16,    30,
   26.0000,    0.0000,  -16.8750,   33.7500, 16.992441,     2, 10000,    17,    32,
   27.5000,    0.0000,  -18.0000,   36.0000, 13.126349,     2, 10000,    18,    34,
   29.0000,    0.0000,  -19.1250,   38.2500, 13.515929,     2, 10000,    19,    36,
   30.5000,    0.0000,  -20.2500,   40.5000, 13.634094,     2, 10000,    20,    38,
   32.0000,    0.0000,  -21.3750,   42.7500, 13.842068,     2, 10000,    21,    40,
   33.5000,    0.0000,  -22.5000,   45.0000, 10.330423,     2, 10000,    22,    42,
   35.0000,    0.0000,  -23.6250,   47.2500, 11.831854,     2, 10000,    23,    44,
   36.5000,    0.0000,  -24.7500,   49.5000, 12.285226,     2, 10000,    24,    46,
   38.0000,    0.0000,  -25.8750,   51.7500, 13.038618,     2, 10000,    25,    48,
    6.5000,    0.0000,   -1.1250,    2.2500, 62.964664,     3, 10000,     4,     5,
    8.0000,    0.0000,   -2.2500,    4.5000, 34.587761,     3, 10000,     5,     7,
    9.5000,    0.0000,   -3.3750,    6.7500, 14.721076,     3, 10000,     6,     9,
   11.0000,    0.0000,   -4.5000,    9.0000, 10.645803,     3, 10000,     7,    11,
   12.5000,    0.0000,   -5.6250,   11.2500,  6.251702,     3, 10000,     8,    13,
   14.0000,    0.0000,   -6.7500,   13.5000,  4.269523,     3, 10000,     9,    15,
   15.5000,    0.0000,   -7.8750,   15.7500, 10.261353,     3, 10000,    10,    17,
   17.0000,    0.0000,   -9.0000,   18.0000,  6.374189,     3, 10000,    11,    19,
   18.5000,    0.0000,  -10.1250,   20.2500, 10.275209,     3, 10000,    12,    21,
   20.0000,    0.0000,  -11.2500,   22.5000, 14.450440,     3, 10000,    13,    23,
   21.5000,    0.0000,  -12.3750,   24.7500, 14.400917,     3, 10000,    14,    25,
   23.0000,    0.0000,  -13.5000,   27.0000, 16.441061,     3, 10000,    15,    27,
   24.5000,    0.0000,  -14.6250,   29.2500, 17.165661,     3, 10000,    16,    29,
   26.0000,    0.0000,  -15.7500,   31.5000, 16.971216,     3, 10000,    17,    31,
   27.5000,    0.0000,  -16.8750,   33.7500, 16.031981,     3, 10000,    18,    33,
   29.0000,    0.0000,  -18.0000,   36.0000, 13.863740,     3, 10000,    19,    35,
   30.5000,    0.0000,  -19.1250,   38.2500, 12.588250,     3, 10000,    20,    37,
   32.0000,    0.0000,  -20.2500,   40.5000, 13.703970,     3, 10000,    21,    39,
   33.5000,    0.0000,  -21.3750,   42.7500,  9.730030,     3, 10000,    22,    41,
   35.0000,    0.0000,  -22.5000,   45.0000, 10.984066,     3, 10000,    23,    43,
   36.5000,    0.0000,  -23.6250,   47.2500, 12.016036,     3, 10000,    24,    45,
   38.0000,    0.0000,  -24.7500,   49.5000, 11.892071,     3, 10000,    25,    47,
    8.0000,    0.0000,   -1.1250,    2.2500,101.716545,     4, 10000,     5,     6,
    9.5000,    0.0000,   -2.2500,    4.5000, 30.629761,     4, 10000,     6,     8,
   11.0000,    0.0000,   -3.3750,    6.7500, 12.527245,     4, 10000,     7,    10,
   12.5000,    0.0000,   -4.5000,    9.0000,  8.867783,     4, 10000,     8,    12,
   14.0000,    0.0000,   -5.6250,   11.2500,  4.012856,     4, 10000,     9,    14,
   15.5000,    0.0000,   -6.7500,   13.5000,  9.858034,     4, 10000,    10,    16,
   17.0000,    0.0000,   -7.8750,   15.7500,  6.300362,     4, 10000,    11,    18,
   18.5000,    0.0000,   -9.0000,   18.0000,  9.647552,     4, 10000,    12,    20,
   20.0000,    0.0000,  -10.1250,   20.2500, 14.474071,     4, 10000,    13,    22,
   21.5000,    0.0000,  -11.2500,   22.5000, 13.706545,     4, 10000,    14,    24,
   23.0000,    0.0000,  -12.3750,   24.7500, 19.120766,     4, 10000,    15,    26,
   24.5000,    0.0000,  -13.5000,   27.0000, 16.297379,     4, 10000,    16,    28,
   26.0000,    0.0000,  -14.6250,   29.2500, 16.093088,     4, 10000,    17,    30,
   27.5000,    0.0000,  -15.7500,   31.5000, 15.983831,     4, 10000,    18,    32,
   29.0000,    0.0000,  -16.8750,   33.7500, 12.669797,     4, 10000,    19,    34,
   30.5000,    0.0000,  -18.0000,   36.0000, 12.609698,     4, 10000,    20,    36,
   32.0000,    0.0000,  -19.1250,   38.2500, 12.311784,     4, 10000,    21,    38,
   33.5000,    0.0000,  -20.2500,   40.5000,  9.713269,     4, 10000,    22,    40,
   35.0000,    0.0000,  -21.3750,   42.7500, 10.709774,     4, 10000,    23,    42,
   36.5000,    0.0000,  -22.5000,   45.0000, 10.876402,     4, 10000,    24,    44,
   38.0000,    0.0000,  -23.6250,   47.2500, 11.130527,     4, 10000,    25,    46,
   39.5000,    0.0000,  -24.7500,   49.5000,  1.185298,     4, 10000,    26,    48,
    9.5000,    0.0000,   -1.1250,    2.2500, 63.731533,     5, 10000,     6,     7,
   11.0000,    0.0000,   -2.2500,    4.5000, 26.650579,     5, 10000,     7,     9,
   12.5000,    0.0000,   -3.3750,    6.7500, 14.664584,     5, 10000,     8,    11,
   14.0000,    0.0000,   -4.5000,    9.0000,  4.709748,     5, 10000,     9,    13,
   15.5000,    0.0000,   -5.6250,   11.2500,  9.473944,     5, 10000,    10,    15,
   17.0000,    0.0000,   -6.7500,   13.5000,  6.281511,     5, 10000,    11,    17,
   18.5000,    0.0000,   -7.8750,   15.7500,  9.427051,     5, 10000,    12,    19,
   20.0000,    0.0000,   -9.0000,   18.0000, 12.550701,     5, 10000,    13,    21,
   21.5000,    0.0000,  -10.1250,   20.2500, 13.281541,     5, 10000,    14,    23,
   23.0000,    0.0000,  -11.2500,   22.5000, 12.908705,     5, 10000,    15,    25,
   24.5000,    0.0000,  -12.3750,   24.7500, 14.903535,     5, 10000,    16,    27,
   26.0000,    0.0000,  -13.5000,   27.0000, 16.050819,     5, 10000,    17,    29,
   27.5000,    0.0000,  -14.6250,   29.2500, 15.966946,     5, 10000,    18,    31,
   29.0000,    0.0000,  -15.7500,   31.5000, 15.133246,     5, 10000,    19,    33,
   30.5000,    0.0000,  -16.8750,   33.7500, 12.882836,     5, 10000,    20,    35,
   32.0000,    0.0000,  -18.0000,   36.0000, 11.462069,     5, 10000,    21,    37,
   33.5000,    0.0000,  -19.1250,   38.2500,  9.700666,     5, 10000,    22,    39,
   35.0000,    0.0000,  -20.2500,   40.5000, 10.223851,     5, 10000,    23,    41,
   36.5000,    0.0000,  -21.3750,   42.7500, 10.131551,     5, 10000,    24,    43,
   38.0000,    0.0000,  -22.5000,   45.0000, 10.961164,     5, 10000,    25,    45,
   39.5000,    0.0000,  -23.6250,   47.2500,  0.892828,     5, 10000,    26,    47,
   11.0000,    0.0000,   -1.1250,    2.2500, 60.898293,     6, 10000,     7,     8,
   12.5000,    0.0000,   -2.2500,    4.5000, 32.745987,     6, 10000,     8,    10,
   14.0000,    0.0000,   -3.3750,    6.7500, 11.818914,     6, 10000,     9,    12,
   15.5000,    0.0000,   -4.5000,    9.0000, 10.790865,     6, 10000,    10,    14,
   17.0000,    0.0000,   -5.6250,   11.2500,  7.313103,     6, 10000,    11,    16,
   18.5000,    0.0000,   -6.7500,   13.5000, 10.812186,     6, 10000,    12,    18,
   20.0000,    0.0000,   -7.8750,   15.7500, 13.848962,     6, 10000,    13,    20,
   21.5000,    0.0000,   -9.0000,   18.0000, 15.351208,     6, 10000,    14,    22,
   23.0000,    0.0000,  -10.1250,   20.2500, 13.969444,     6, 10000,    15,    24,
   24.5000,    0.0000,  -11.2500,   22.5000, 20.010937,     6, 10000,    16,    26,
   26.0000,    0.0000,  -12.3750,   24.7500, 17.390816,     6, 10000,    17,    28,
   27.5000,    0.0000,  -13.5000,   27.0000, 17.232256,     6, 10000,    18,    30,
   29.0000,    0.0000,  -14.6250,   29.2500, 16.991983,     6, 10000,    19,    32,
   30.5000,    0.0000,  -15.7500,   31.5000, 13.005840,     6, 10000,    20,    34,
   32.0000,    0.0000,  -16.8750,   33.7500, 12.561297,     6, 10000,    21,    36,
   33.5000,    0.0000,  -18.0000,   36.0000,  9.224982,     6, 10000,    22,    38,
   35.0000,    0.0000,  -19.1250,   38.2500, 10.967285,     6, 10000,    23,    40,
   36.5000,    0.0000,  -20.2500,   40.5000, 10.667586,     6, 10000,    24,    42,
   38.0000,    0.0000,  -21.3750,   42.7500, 10.611946,     6, 10000,    25,    44,
   39.5000,    0.0000,  -22.5000,   45.0000,  0.522873,     6, 10000,    26,    46,
   41.0000,    0.0000,  -23.6250,   47.2500,  7.254691,     6, 10000,    27,    48,
   12.5000,    0.0000,   -1.1250,    2.2500, 84.071724,     7, 10000,     8,     9,
   14.0000,    0.0000,   -2.2500,    4.5000, 33.448654,     7, 10000,     9,    11,
   15.5000,    0.0000,   -3.3750,    6.7500, 12.085598,     7, 10000,    10,    13,
   17.0000,    0.0000,   -4.5000,    9.0000,  7.375041,     7, 10000,    11,    15,
   18.5000,    0.0000,   -5.6250,   11.2500, 10.834313,     7, 10000,    12,    17,
   20.0000,    0.0000,   -6.7500,   13.5000, 13.632719,     7, 10000,    13,    19,
   21.5000,    0.0000,   -7.8750,   15.7500, 13.267969,     7, 10000,    14,    21,
   23.0000,    0.0000,   -9.0000,   18.0000, 13.471874,     7, 10000,    15,    23,
   24.5000,    0.0000,  -10.1250,   20.2500, 13.324841,     7, 10000,    16,    25,
   26.0000,    0.0000,  -11.2500,   22.5000, 16.059080,     7, 10000,    17,    27,
   27.5000,    0.0000,  -12.3750,   24.7500, 17.098866,     7, 10000,    18,    29,
   29.0000,    0.0000,  -13.5000,   27.0000, 17.032093,     7, 10000,    19,    31,
   30.5000,    0.0000,  -14.6250,   29.2500, 15.723136,     7, 10000,    20,    33,
   32.0000,    0.0000,  -15.7500,   31.5000, 13.015712,     7, 10000,    21,    35,
   33.5000,    0.0000,  -16.8750,   33.7500,  8.524508,     7, 10000,    22,    37,
   35.0000,    0.0000,  -18.0000,   36.0000, 11.103810,     7, 10000,    23,    39,
   36.5000,    0.0000,  -19.1250,   38.2500, 10.305774,     7, 10000,    24,    41,
   38.0000,    0.0000,  -20.2500,   40.5000,  9.973489,     7, 10000,    25,    43,
   39.5000,    0.0000,  -21.3750,   42.7500,  0.185610,     7, 10000,    26,    45,
   41.0000,    0.0000,  -22.5000,   45.0000,  6.724875,     7, 10000,    27,    47,
   14.0000,    0.0000,   -1.1250,    2.2500,105.798477,     8, 10000,     9,    10,
   15.5000,    0.0000,   -2.2500,    4.5000, 19.394608,     8, 10000,    10,    12,
   17.0000,    0.0000,   -3.3750,    6.7500,  8.310497,     8, 10000,    11,    14,
   18.5000,    0.0000,   -4.5000,    9.0000, 11.326243,     8, 10000,    12,    16,
   20.0000,    0.0000,   -5.6250,   11.2500, 14.079386,     8, 10000,    13,    18,
   21.5000,    0.0000,   -6.7500,   13.5000, 12.666470,     8, 10000,    14,    20,
   23.0000,    0.0000,   -7.8750,   15.7500, 13.907155,     8, 10000,    15,    22,
   24.5000,    0.0000,   -9.0000,   18.0000, 12.659774,     8, 10000,    16,    24,
   26.0000,    0.0000,  -10.1250,   20.2500, 19.232740,     8, 10000,    17,    26,
   27.5000,    0.0000,  -11.2500,   22.5000, 16.713884,     8, 10000,    18,    28,
   29.0000,    0.0000,  -12.3750,   24.7500, 16.565369,     8, 10000,    19,    30,
   30.5000,    0.0000,  -13.5000,   27.0000, 15.993235,     8, 10000,    20,    32,
   32.0000,    0.0000,  -14.6250,   29.2500, 12.106220,     8, 10000,    21,    34,
   33.5000,    0.0000,  -15.7500,   31.5000,  8.753163,     8, 10000,    22,    36,
   35.0000,    0.0000,  -16.8750,   33.7500, 10.023553,     8, 10000,    23,    38,
   36.5000,    0.0000,  -18.0000,   36.0000, 10.342943,     8, 10000,    24,    40,
   38.0000,    0.0000,  -19.1250,   38.2500,  9.852357,     8, 10000,    25,    42,
   39.5000,    0.0000,  -20.2500,   40.5000,  0.940453,     8, 10000,    26,    44,
   41.0000,    0.0000,  -21.3750,   42.7500,  6.130894,     8, 10000,    27,    46,
   42.5000,    0.0000,  -22.5000,   45.0000,  5.237457,     8, 10000,    28,    48,
   15.5000,    0.0000,   -1.1250,    2.2500, 23.738102,     9, 10000,    10,    11,
   17.0000,    0.0000,   -2.2500,    4.5000,  7.938903,     9, 10000,    11,    13,
   18.5000,    0.0000,   -3.3750,    6.7500,  9.688337,     9, 10000,    12,    15,
   20.0000,    0.0000,   -4.5000,    9.0000, 11.667481,     9, 10000,    13,    17,
   21.5000,    0.0000,   -5.6250,   11.2500, 10.800622,     9, 10000,    14,    19,
   23.0000,    0.0000,   -6.7500,   13.5000, 10.001375,     9, 10000,    15,    21,
   24.5000,    0.0000,   -7.8750,   15.7500, 10.615050,     9, 10000,    16,    23,
   26.0000,    0.0000,   -9.0000,   18.0000, 11.082544,     9, 10000,    17,    25,
   27.5000,    0.0000,  -10.1250,   20.2500, 13.021132,     9, 10000,    18,    27,
   29.0000,    0.0000,  -11.2500,   22.5000, 13.864745,     9, 10000,    19,    29,
   30.5000,    0.0000,  -12.3750,   24.7500, 13.606819,     9, 10000,    20,    31,
   32.0000,    0.0000,  -13.5000,   27.0000, 12.537475,     9, 10000,    21,    33,
   33.5000,    0.0000,  -14.6250,   29.2500,  8.329546,     9, 10000,    22,    35,
   35.0000,    0.0000,  -15.7500,   31.5000,  8.535654,     9, 10000,    23,    37,
   36.5000,    0.0000,  -16.8750,   33.7500,  9.246577,     9, 10000,    24,    39,
   38.0000,    0.0000,  -18.0000,   36.0000,  8.707359,     9, 10000,    25,    41,
   39.5000,    0.0000,  -19.1250,   38.2500,  0.357621,     9, 10000,    26,    43,
   41.0000,    0.0000,  -20.2500,   40.5000,  6.280578,     9, 10000,    27,    45,
   42.5000,    0.0000,  -21.3750,   42.7500,  5.210989,     9, 10000,    28,    47,
   17.0000,    0.0000,   -1.1250,    2.2500, 13.736851,    10, 10000,    11,    12,
   18.5000,    0.0000,   -2.2500,    4.5000, 11.355179,    10, 10000,    12,    14,
   20.0000,    0.0000,   -3.3750,    6.7500, 14.856928,    10, 10000,    13,    16,
   21.5000,    0.0000,   -4.5000,    9.0000, 13.708224,    10, 10000,    14,    18,
   23.0000,    0.0000,   -5.6250,   11.2500, 12.472942,    10, 10000,    15,    20,
   24.5000,    0.0000,   -6.7500,   13.5000, 14.333471,    10, 10000,    16,    22,
   26.0000,    0.0000,   -7.8750,   15.7500, 14.257446,    10, 10000,    17,    24,
   27.5000,    0.0000,   -9.0000,   18.0000, 22.250889,    10, 10000,    18,    26,
   29.0000,    0.0000,  -10.1250,   20.2500, 19.259264,    10, 10000,    19,    28,
   30.5000,    0.0000,  -11.2500,   22.5000, 18.732929,    10, 10000,    20,    30,
   32.0000,    0.0000,  -12.3750,   24.7500, 17.807875,    10, 10000,    21,    32,
   33.5000,    0.0000,  -13.5000,   27.0000,  9.060986,    10, 10000,    22,    34,
   35.0000,    0.0000,  -14.6250,   29.2500, 10.393303,    10, 10000,    23,    36,
   36.5000,    0.0000,  -15.7500,   31.5000, 10.435581,    10, 10000,    24,    38,
   38.0000,    0.0000,  -16.8750,   33.7500, 10.664969,    10, 10000,    25,    40,
   39.5000,    0.0000,  -18.0000,   36.0000,  4.238572,    10, 10000,    26,    42,
   41.0000,    0.0000,  -19.1250,   38.2500,  4.907043,    10, 10000,    27,    44,
   42.5000,    0.0000,  -20.2500,   40.5000,  3.432580,    10, 10000,    28,    46,
   44.0000,    0.0000,  -21.3750,   42.7500,  4.225000,    10, 10000,    29,    48,
   18.5000,    0.0000,   -1.1250,    2.2500, 11.555919,    11, 10000,    12,    13,
   20.0000,    0.0000,   -2.2500,    4.5000, 10.552956,    11, 10000,    13,    15,
   21.5000,    0.0000,   -3.3750,    6.7500,  9.677156,    11, 10000,    14,    17,
   23.0000,    0.0000,   -4.5000,    9.0000,  8.733376,    11, 10000,    15,    19,
   24.5000,    0.0000,   -5.6250,   11.2500,  8.748561,    11, 10000,    16,    21,
   26.0000,    0.0000,   -6.7500,   13.5000, 10.408692,    11, 10000,    17,    23,
   27.5000,    0.0000,   -7.8750,   15.7500, 10.946689,    11, 10000,    18,    25,
   29.0000,    0.0000,   -9.0000,   18.0000, 13.417885,    11, 10000,    19,    27,
   30.5000,    0.0000,  -10.1250,   20.2500, 14.324845,    11, 10000,    20,    29,
   32.0000,    0.0000,  -11.2500,   22.5000, 13.984690,    11, 10000,    21,    31,
   33.5000,    0.0000,  -12.3750,   24.7500,  9.895391,    11, 10000,    22,    33,
   35.0000,    0.0000,  -13.5000,   27.0000,  9.159677,    11, 10000,    23,    35,
   36.5000,    0.0000,  -14.6250,   29.2500,  8.228296,    11, 10000,    24,    37,
   38.0000,    0.0000,  -15.7500,   31.5000,  9.008734,    11, 10000,    25,    39,
   39.5000,    0.0000,  -16.8750,   33.7500,  1.352754,    11, 10000,    26,    41,
   41.0000,    0.0000,  -18.0000,   36.0000,  4.485307,    11, 10000,    27,    43,
   42.5000,    0.0000,  -19.1250,   38.2500,  4.236542,    11, 10000,    28,    45,
   44.0000,    0.0000,  -20.2500,   40.5000,  4.378770,    11, 10000,    29,    47,
   20.0000,    0.0000,   -1.1250,    2.2500, 21.488092,    12, 10000,    13,    14,
   21.5000,    0.0000,   -2.2500,    4.5000, 12.744399,    12, 10000,    14,    16,
   23.0000,    0.0000,   -3.3750,    6.7500, 10.071116,    12, 10000,    15,    18,
   24.5000,    0.0000,   -4.5000,    9.0000,  9.529807,    12, 10000,    16,    20,
   26.0000,    0.0000,   -5.6250,   11.2500, 12.533700,    12, 10000,    17,    22,
   27.5000,    0.0000,   -6.7500,   13.5000, 12.391593,    12, 10000,    18,    24,
   29.0000,    0.0000,   -7.8750,   15.7500, 20.339626,    12, 10000,    19,    26,
   30.5000,    0.0000,   -9.0000,   18.0000, 17.367785,    12, 10000,    20,    28,
   32.0000,    0.0000,  -10.1250,   20.2500, 16.859917,    12, 10000,    21,    30,
   33.5000,    0.0000,  -11.2500,   22.5000, 12.436176,    12, 10000,    22,    32,
   35.0000,    0.0000,  -12.3750,   24.7500,  9.497596,    12, 10000,    23,    34,
   36.5000,    0.0000,  -13.5000,   27.0000,  9.427865,    12, 10000,    24,    36,
   38.0000,    0.0000,  -14.6250,   29.2500,  9.212242,    12, 10000,    25,    38,
   39.5000,    0.0000,  -15.7500,   31.5000,  4.100762,    12, 10000,    26,    40,
   41.0000,    0.0000,  -16.8750,   33.7500,  3.967277,    12, 10000,    27,    42,
   42.5000,    0.0000,  -18.0000,   36.0000,  2.454634,    12, 10000,    28,    44,
   44.0000,    0.0000,  -19.1250,   38.2500,  2.920013,    12, 10000,    29,    46,
   45.5000,    0.0000,  -20.2500,   40.5000,  4.932982,    12, 10000,    30,    48,
   21.5000,    0.0000,   -1.1250,    2.2500, 17.485142,    13, 10000,    14,    15,
   23.0000,    0.0000,   -2.2500,    4.5000, 11.606750,    13, 10000,    15,    17,
   24.5000,    0.0000,   -3.3750,    6.7500,  9.885306,    13, 10000,    16,    19,
   26.0000,    0.0000,   -4.5000,    9.0000, 11.105406,    13, 10000,    17,    21,
   27.5000,    0.0000,   -5.6250,   11.2500, 13.336390,    13, 10000,    18,    23,
   29.0000,    0.0000,   -6.7500,   13.5000, 14.460985,    13, 10000,    19,    25,
   30.5000,    0.0000,   -7.8750,   15.7500, 18.437740,    13, 10000,    20,    27,
   32.0000,    0.0000,   -9.0000,   18.0000, 20.004671,    13, 10000,    21,    29,
   33.5000,    0.0000,  -10.1250,   20.2500, 14.885901,    13, 10000,    22,    31,
   35.0000,    0.0000,  -11.2500,   22.5000, 14.769460,    13, 10000,    23,    33,
   36.5000,    0.0000,  -12.3750,   24.7500, 11.216171,    13, 10000,    24,    35,
   38.0000,    0.0000,  -13.5000,   27.0000,  9.014016,    13, 10000,    25,    37,
   39.5000,    0.0000,  -14.6250,   29.2500,  5.953657,    13, 10000,    26,    39,
   41.0000,    0.0000,  -15.7500,   31.5000,  3.030283,    13, 10000,    27,    41,
   42.5000,    0.0000,  -16.8750,   33.7500,  0.552183,    13, 10000,    28,    43,
   44.0000,    0.0000,  -18.0000,   36.0000,  1.947390,    13, 10000,    29,    45,
   45.5000,    0.0000,  -19.1250,   38.2500,  3.733342,    13, 10000,    30,    47,
   23.0000,    0.0000,   -1.1250,    2.2500, 32.762199,    14, 10000,    15,    16,
   24.5000,    0.0000,   -2.2500,    4.5000, 11.236274,    14, 10000,    16,    18,
   26.0000,    0.0000,   -3.3750,    6.7500, 11.110125,    14, 10000,    17,    20,
   27.5000,    0.0000,   -4.5000,    9.0000, 14.167575,    14, 10000,    18,    22,
   29.0000,    0.0000,   -5.6250,   11.2500, 14.127574,    14, 10000,    19,    24,
   30.5000,    0.0000,   -6.7500,   13.5000, 24.188520,    14, 10000,    20,    26,
   32.0000,    0.0000,   -7.8750,   15.7500, 20.280495,    14, 10000,    21,    28,
   33.5000,    0.0000,   -9.0000,   18.0000, 14.898499,    14, 10000,    22,    30,
   35.0000,    0.0000,  -10.1250,   20.2500, 16.055071,    14, 10000,    23,    32,
   36.5000,    0.0000,  -11.2500,   22.5000, 10.337028,    14, 10000,    24,    34,
   38.0000,    0.0000,  -12.3750,   24.7500,  9.762184,    14, 10000,    25,    36,
   39.5000,    0.0000,  -13.5000,   27.0000,  8.134067,    14, 10000,    26,    38,
   41.0000,    0.0000,  -14.6250,   29.2500,  3.548314,    14, 10000,    27,    40,
   42.5000,    0.0000,  -15.7500,   31.5000,  0.495991,    14, 10000,    28,    42,
   44.0000,    0.0000,  -16.8750,   33.7500,  0.675928,    14, 10000,    29,    44,
   45.5000,    0.0000,  -18.0000,   36.0000,  3.074784,    14, 10000,    30,    46,
   47.0000,    0.0000,  -19.1250,   38.2500,  3.951607,    14, 10000,    31,    48,
   24.5000,    0.0000,   -1.1250,    2.2500, 21.746769,    15, 10000,    16,    17,
   26.0000,    0.0000,   -2.2500,    4.5000, 13.823582,    15, 10000,    17,    19,
   27.5000,    0.0000,   -3.3750,    6.7500, 12.746808,    15, 10000,    18,    21,
   29.0000,    0.0000,   -4.5000,    9.0000, 14.780693,    15, 10000,    19,    23,
   30.5000,    0.0000,   -5.6250,   11.2500, 15.557205,    15, 10000,    20,    25,
   32.0000,    0.0000,   -6.7500,   13.5000, 19.811327,    15, 10000,    21,    27,
   33.5000,    0.0000,   -7.8750,   15.7500, 16.212151,    15, 10000,    22,    29,
   35.0000,    0.0000,   -9.0000,   18.0000, 17.765381,    15, 10000,    23,    31,
   36.5000,    0.0000,  -10.1250,   20.2500, 15.765996,    15, 10000,    24,    33,
   38.0000,    0.0000,  -11.2500,   22.5000, 11.244042,    15, 10000,    25,    35,
   39.5000,    0.0000,  -12.3750,   24.7500, 10.097013,    15, 10000,    26,    37,
   41.0000,    0.0000,  -13.5000,   27.0000,  4.126930,    15, 10000,    27,    39,
   42.5000,    0.0000,  -14.6250,   29.2500,  0.274700,    15, 10000,    28,    41,
   44.0000,    0.0000,  -15.7500,   31.5000,  0.493821,    15, 10000,    29,    43,
   45.5000,    0.0000,  -16.8750,   33.7500,  2.885003,    15, 10000,    30,    45,
   47.0000,    0.0000,  -18.0000,   36.0000,  2.931466,    15, 10000,    31,    47,
   26.0000,    0.0000,   -1.1250,    2.2500, 14.562547,    16, 10000,    17,    18,
   27.5000,    0.0000,   -2.2500,    4.5000, 12.783666,    16, 10000,    18,    20,
   29.0000,    0.0000,   -3.3750,    6.7500, 15.200193,    16, 10000,    19,    22,
   30.5000,    0.0000,   -4.5000,    9.0000, 14.665449,    16, 10000,    20,    24,
   32.0000,    0.0000,   -5.6250,   11.2500, 25.420397,    16, 10000,    21,    26,
   33.5000,    0.0000,   -6.7500,   13.5000, 15.527884,    16, 10000,    22,    28,
   35.0000,    0.0000,   -7.8750,   15.7500, 17.042698,    16, 10000,    23,    30,
   36.5000,    0.0000,   -9.0000,   18.0000, 16.617424,    16, 10000,    24,    32,
   38.0000,    0.0000,  -10.1250,   20.2500, 10.017850,    16, 10000,    25,    34,
   39.5000,    0.0000,  -11.2500,   22.5000,  9.967577,    16, 10000,    26,    36,
   41.0000,    0.0000,  -12.3750,   24.7500,  2.276070,    16, 10000,    27,    38,
   42.5000,    0.0000,  -13.5000,   27.0000,  0.156006,    16, 10000,    28,    40,
   44.0000,    0.0000,  -14.6250,   29.2500,  0.595474,    16, 10000,    29,    42,
   45.5000,    0.0000,  -15.7500,   31.5000,  1.558665,    16, 10000,    30,    44,
   47.0000,    0.0000,  -16.8750,   33.7500,  2.219573,    16, 10000,    31,    46,
   48.5000,    0.0000,  -18.0000,   36.0000,  5.483802,    16, 10000,    32,    48,
   27.5000,    0.0000,   -1.1250,    2.2500, 20.098743,    17, 10000,    18,    19,
   29.0000,    0.0000,   -2.2500,    4.5000, 13.368640,    17, 10000,    19,    21,
   30.5000,    0.0000,   -3.3750,    6.7500, 14.679363,    17, 10000,    20,    23,
   32.0000,    0.0000,   -4.5000,    9.0000, 15.017536,    17, 10000,    21,    25,
   33.5000,    0.0000,   -5.6250,   11.2500, 13.529994,    17, 10000,    22,    27,
   35.0000,    0.0000,   -6.7500,   13.5000, 17.781565,    17, 10000,    23,    29,
   36.5000,    0.0000,   -7.8750,   15.7500, 17.759472,    17, 10000,    24,    31,
   38.0000,    0.0000,   -9.0000,   18.0000, 15.171618,    17, 10000,    25,    33,
   39.5000,    0.0000,  -10.1250,   20.2500,  9.714228,    17, 10000,    26,    35,
   41.0000,    0.0000,  -11.2500,   22.5000,  0.630397,    17, 10000,    27,    37,
   42.5000,    0.0000,  -12.3750,   24.7500,  0.385987,    17, 10000,    28,    39,
   44.0000,    0.0000,  -13.5000,   27.0000,  1.730961,    17, 10000,    29,    41,
   45.5000,    0.0000,  -14.6250,   29.2500,  0.026136,    17, 10000,    30,    43,
   47.0000,    0.0000,  -15.7500,   31.5000,  1.655598,    17, 10000,    31,    45,
   48.5000,    0.0000,  -16.8750,   33.7500,  4.244114,    17, 10000,    32,    47,
   29.0000,    0.0000,   -1.1250,    2.2500, 63.767967,    18, 10000,    19,    20,
   30.5000,    0.0000,   -2.2500,    4.5000, 30.380793,    18, 10000,    20,    22,
   32.0000,    0.0000,   -3.3750,    6.7500, 18.789314,    18, 10000,    21,    24,
   33.5000,    0.0000,   -4.5000,    9.0000, 20.658796,    18, 10000,    22,    26,
   35.0000,    0.0000,   -5.6250,   11.2500, 18.479004,    18, 10000,    23,    28,
   36.5000,    0.0000,   -6.7500,   13.5000, 18.555250,    18, 10000,    24,    30,
   38.0000,    0.0000,   -7.8750,   15.7500, 16.986422,    18, 10000,    25,    32,
   39.5000,    0.0000,   -9.0000,   18.0000, 12.290130,    18, 10000,    26,    34,
   41.0000,    0.0000,  -10.1250,   20.2500,  1.008541,    18, 10000,    27,    36,
   42.5000,    0.0000,  -11.2500,   22.5000,  2.101491,    18, 10000,    28,    38,
   44.0000,    0.0000,  -12.3750,   24.7500,  1.465993,    18, 10000,    29,    40,
   45.5000,    0.0000,  -13.5000,   27.0000,  0.211678,    18, 10000,    30,    42,
   47.0000,    0.0000,  -14.6250,   29.2500,  0.055022,    18, 10000,    31,    44,
   48.5000,    0.0000,  -15.7500,   31.5000,  3.410259,    18, 10000,    32,    46,
   50.0000,    0.0000,  -16.8750,   33.7500,  7.399204,    18, 10000,    33,    48,
   30.5000,    0.0000,   -1.1250,    2.2500, 75.307808,    19, 10000,    20,    21,
   32.0000,    0.0000,   -2.2500,    4.5000, 31.610298,    19, 10000,    21,    23,
   33.5000,    0.0000,   -3.3750,    6.7500, 10.811786,    19, 10000,    22,    25,
   35.0000,    0.0000,   -4.5000,    9.0000, 18.998564,    19, 10000,    23,    27,
   36.5000,    0.0000,   -5.6250,   11.2500, 22.563467,    19, 10000,    24,    29,
   38.0000,    0.0000,   -6.7500,   13.5000, 18.901854,    19, 10000,    25,    31,
   39.5000,    0.0000,   -7.8750,   15.7500,  7.244759,    19, 10000,    26,    33,
   41.0000,    0.0000,   -9.0000,   18.0000,  2.108401,    19, 10000,    27,    35,
   42.5000,    0.0000,  -10.1250,   20.2500,  4.213349,    19, 10000,    28,    37,
   44.0000,    0.0000,  -11.2500,   22.5000,  1.146937,    19, 10000,    29,    39,
   45.5000,    0.0000,  -12.3750,   24.7500,  1.384263,    19, 10000,    30,    41,
   47.0000,    0.0000,  -13.5000,   27.0000,  1.767732,    19, 10000,    31,    43,
   48.5000,    0.0000,  -14.6250,   29.2500,  3.117324,    19, 10000,    32,    45,
   50.0000,    0.0000,  -15.7500,   31.5000,  6.288117,    19, 10000,    33,    47,
   32.0000,    0.0000,   -1.1250,    2.2500, 65.688332,    20, 10000,    21,    22,
   33.5000,    0.0000,   -2.2500,    4.5000,  8.515073,    20, 10000,    22,    24,
   35.0000,    0.0000,   -3.3750,    6.7500, 25.785301,    20, 10000,    23,    26,
   36.5000,    0.0000,   -4.5000,    9.0000, 22.132601,    20, 10000,    24,    28,
   38.0000,    0.0000,   -5.6250,   11.2500, 18.703819,    20, 10000,    25,    30,
   39.5000,    0.0000,   -6.7500,   13.5000,  6.477240,    20, 10000,    26,    32,
   41.0000,    0.0000,   -7.8750,   15.7500,  0.004433,    20, 10000,    27,    34,
   42.5000,    0.0000,   -9.0000,   18.0000,  3.947142,    20, 10000,    28,    36,
   44.0000,    0.0000,  -10.1250,   20.2500,  4.080553,    20, 10000,    29,    38,
   45.5000,    0.0000,  -11.2500,   22.5000,  0.909301,    20, 10000,    30,    40,
   47.0000,    0.0000,  -12.3750,   24.7500,  2.051394,    20, 10000,    31,    42,
   48.5000,    0.0000,  -13.5000,   27.0000,  1.205941,    20, 10000,    32,    44,
   50.0000,    0.0000,  -14.6250,   29.2500,  5.417682,    20, 10000,    33,    46,
   51.5000,    0.0000,  -15.7500,   31.5000, 20.699366,    20, 10000,    34,    48,
   33.5000,    0.0000,   -1.1250,    2.2500,  7.365281,    21, 10000,    22,    23,
   35.0000,    0.0000,   -2.2500,    4.5000, 11.651104,    21, 10000,    23,    25,
   36.5000,    0.0000,   -3.3750,    6.7500, 18.141645,    21, 10000,    24,    27,
   38.0000,    0.0000,   -4.5000,    9.0000, 18.370173,    21, 10000,    25,    29,
   39.5000,    0.0000,   -5.6250,   11.2500,  5.283041,    21, 10000,    26,    31,
   41.0000,    0.0000,   -6.7500,   13.5000,  6.314877,    21, 10000,    27,    33,
   42.5000,    0.0000,   -7.8750,   15.7500,  2.751760,    21, 10000,    28,    35,
   44.0000,    0.0000,   -9.0000,   18.0000,  6.063329,    21, 10000,    29,    37,
   45.5000,    0.0000,  -10.1250,   20.2500,  0.314028,    21, 10000,    30,    39,
   47.0000,    0.0000,  -11.2500,   22.5000,  3.130142,    21, 10000,    31,    41,
   48.5000,    0.0000,  -12.3750,   24.7500,  0.466290,    21, 10000,    32,    43,
   50.0000,    0.0000,  -13.5000,   27.0000,  5.092967,    21, 10000,    33,    45,
   51.5000,    0.0000,  -14.6250,   29.2500, 19.382179,    21, 10000,    34,    47,
   35.0000,    0.0000,   -1.1250,    2.2500, 32.956608,    22, 10000,    23,    24,
   36.5000,    0.0000,   -2.2500,    4.5000, 37.512608,    22, 10000,    24,    26,
   38.0000,    0.0000,   -3.3750,    6.7500, 23.386923,    22, 10000,    25,    28,
   39.5000,    0.0000,   -4.5000,    9.0000,  5.151841,    22, 10000,    26,    30,
   41.0000,    0.0000,   -5.6250,   11.2500,  7.595481,    22, 10000,    27,    32,
   42.5000,    0.0000,   -6.7500,   13.5000,  4.135524,    22, 10000,    28,    34,
   44.0000,    0.0000,   -7.8750,   15.7500,  4.634648,    22, 10000,    29,    36,
   45.5000,    0.0000,   -9.0000,   18.0000,  2.583483,    22, 10000,    30,    38,
   47.0000,    0.0000,  -10.1250,   20.2500,  1.914945,    22, 10000,    31,    40,
   48.5000,    0.0000,  -11.2500,   22.5000,  0.040947,    22, 10000,    32,    42,
   50.0000,    0.0000,  -12.3750,   24.7500,  3.414412,    22, 10000,    33,    44,
   51.5000,    0.0000,  -13.5000,   27.0000, 17.689196,    22, 10000,    34,    46,
   53.0000,    0.0000,  -14.6250,   29.2500, 16.451418,    22, 10000,    35,    48,
   36.5000,    0.0000,   -1.1250,    2.2500, 78.000862,    23, 10000,    24,    25,
   38.0000,    0.0000,   -2.2500,    4.5000, 52.543575,    23, 10000,    25,    27,
   39.5000,    0.0000,   -3.3750,    6.7500,  4.271970,    23, 10000,    26,    29,
   41.0000,    0.0000,   -4.5000,    9.0000, 10.389791,    23, 10000,    27,    31,
   42.5000,    0.0000,   -5.6250,   11.2500,  2.303272,    23, 10000,    28,    33,
   44.0000,    0.0000,   -6.7500,   13.5000,  3.863772,    23, 10000,    29,    35,
   45.5000,    0.0000,   -7.8750,   15.7500,  5.115425,    23, 10000,    30,    37,
   47.0000,    0.0000,   -9.0000,   18.0000,  1.707604,    23, 10000,    31,    39,
   48.5000,    0.0000,  -10.1250,   20.2500,  1.520989,    23, 10000,    32,    41,
   50.0000,    0.0000,  -11.2500,   22.5000,  1.392737,    23, 10000,    33,    43,
   51.5000,    0.0000,  -12.3750,   24.7500, 18.635948,    23, 10000,    34,    45,
   53.0000,    0.0000,  -13.5000,   27.0000, 16.051550,    23, 10000,    35,    47,
   38.0000,    0.0000,   -1.1250,    2.2500,175.322449,    24, 10000,    25,    26,
   39.5000,    0.0000,   -2.2500,    4.5000,  3.802658,    24, 10000,    26,    28,
   41.0000,    0.0000,   -3.3750,    6.7500, 18.359552,    24, 10000,    27,    30,
   42.5000,    0.0000,   -4.5000,    9.0000,  4.845636,    24, 10000,    28,    32,
   44.0000,    0.0000,   -5.6250,   11.2500,  5.680299,    24, 10000,    29,    34,
   45.5000,    0.0000,   -6.7500,   13.5000,  4.482542,    24, 10000,    30,    36,
   47.0000,    0.0000,   -7.8750,   15.7500,  4.893703,    24, 10000,    31,    38,
   48.5000,    0.0000,   -9.0000,   18.0000,  0.985467,    24, 10000,    32,    40,
   50.0000,    0.0000,  -10.1250,   20.2500,  1.115148,    24, 10000,    33,    42,
   51.5000,    0.0000,  -11.2500,   22.5000, 16.537359,    24, 10000,    34,    44,
   53.0000,    0.0000,  -12.3750,   24.7500, 14.713703,    24, 10000,    35,    46,
   54.5000,    0.0000,  -13.5000,   27.0000, 20.833029,    24, 10000,    36,    48,
   39.5000,    0.0000,   -1.1250,    2.2500, 18.242094,    25, 10000,    26,    27,
   41.0000,    0.0000,   -2.2500,    4.5000, 44.248940,    25, 10000,    27,    29,
   42.5000,    0.0000,   -3.3750,    6.7500, 10.375749,    25, 10000,    28,    31,
   44.0000,    0.0000,   -4.5000,    9.0000,  3.167146,    25, 10000,    29,    33,
   45.5000,    0.0000,   -5.6250,   11.2500,  1.568777,    25, 10000,    30,    35,
   47.0000,    0.0000,   -6.7500,   13.5000,  4.930016,    25, 10000,    31,    37,
   48.5000,    0.0000,   -7.8750,   15.7500,  0.166056,    25, 10000,    32,    39,
   50.0000,    0.0000,   -9.0000,   18.0000,  0.448748,    25, 10000,    33,    41,
   51.5000,    0.0000,  -10.1250,   20.2500, 11.993554,    25, 10000,    34,    43,
   53.0000,    0.0000,  -11.2500,   22.5000, 12.023622,    25, 10000,    35,    45,
   54.5000,    0.0000,  -12.3750,   24.7500, 15.705269,    25, 10000,    36,    47,
   41.0000,    0.0000,   -1.1250,    2.2500,  1.333195,    26, 10000,    27,    28,
   42.5000,    0.0000,   -2.2500,    4.5000,  0.561204,    26, 10000,    28,    30,
   44.0000,    0.0000,   -3.3750,    6.7500,  0.702359,    26, 10000,    29,    32,
   45.5000,    0.0000,   -4.5000,    9.0000,  1.931280,    26, 10000,    30,    34,
   47.0000,    0.0000,   -5.6250,   11.2500,  2.584556,    26, 10000,    31,    36,
   48.5000,    0.0000,   -6.7500,   13.5000,  2.549983,    26, 10000,    32,    38,
   50.0000,    0.0000,   -7.8750,   15.7500,  2.000128,    26, 10000,    33,    40,
   51.5000,    0.0000,   -9.0000,   18.0000,  0.581550,    26, 10000,    34,    42,
   53.0000,    0.0000,  -10.1250,   20.2500,  1.117462,    26, 10000,    35,    44,
   54.5000,    0.0000,  -11.2500,   22.5000,  0.097316,    26, 10000,    36,    46,
   56.0000,    0.0000,  -12.3750,   24.7500,  1.073394,    26, 10000,    37,    48,
   42.5000,    0.0000,   -1.1250,    2.2500, 90.806084,    27, 10000,    28,    29,
   44.0000,    0.0000,   -2.2500,    4.5000, 43.937576,    27, 10000,    29,    31,
   45.5000,    0.0000,   -3.3750,    6.7500, 15.340023,    27, 10000,    30,    33,
   47.0000,    0.0000,   -4.5000,    9.0000,  2.576473,    27, 10000,    31,    35,
   48.5000,    0.0000,   -5.6250,   11.2500,  1.003508,    27, 10000,    32,    37,
   50.0000,    0.0000,   -6.7500,   13.5000,  1.554764,    27, 10000,    33,    39,
   51.5000,    0.0000,   -7.8750,   15.7500,  7.463963,    27, 10000,    34,    41,
   53.0000,    0.0000,   -9.0000,   18.0000,  5.460936,    27, 10000,    35,    43,
   54.5000,    0.0000,  -10.1250,   20.2500,  9.181110,    27, 10000,    36,    45,
   56.0000,    0.0000,  -11.2500,   22.5000, 10.829117,    27, 10000,    37,    47,
   44.0000,    0.0000,   -1.1250,    2.2500,163.713516,    28, 10000,    29,    30,
   45.5000,    0.0000,   -2.2500,    4.5000, 73.117790,    28, 10000,    30,    32,
   47.0000,    0.0000,   -3.3750,    6.7500, 14.960316,    28, 10000,    31,    34,
   48.5000,    0.0000,   -4.5000,    9.0000,  6.877937,    28, 10000,    32,    36,
   50.0000,    0.0000,   -5.6250,   11.2500,  1.515268,    28, 10000,    33,    38,
   51.5000,    0.0000,   -6.7500,   13.5000,  7.775692,    28, 10000,    34,    40,
   53.0000,    0.0000,   -7.8750,   15.7500,  4.776491,    28, 10000,    35,    42,
   54.5000,    0.0000,   -9.0000,   18.0000,  6.524170,    28, 10000,    36,    44,
   56.0000,    0.0000,  -10.1250,   20.2500,  8.068486,    28, 10000,    37,    46,
   57.5000,    0.0000,  -11.2500,   22.5000,  7.849067,    28, 10000,    38,    48,
   45.5000,    0.0000,   -1.1250,    2.2500,141.796616,    29, 10000,    30,    31,
   47.0000,    0.0000,   -2.2500,    4.5000, 42.411930,    29, 10000,    31,    33,
   48.5000,    0.0000,   -3.3750,    6.7500, 15.696095,    29, 10000,    32,    35,
   50.0000,    0.0000,   -4.5000,    9.0000,  2.556196,    29, 10000,    33,    37,
   51.5000,    0.0000,   -5.6250,   11.2500, 11.489327,    29, 10000,    34,    39,
   53.0000,    0.0000,   -6.7500,   13.5000,  4.824914,    29, 10000,    35,    41,
   54.5000,    0.0000,   -7.8750,   15.7500,  5.415592,    29, 10000,    36,    43,
   56.0000,    0.0000,   -9.0000,   18.0000,  7.877883,    29, 10000,    37,    45,
   57.5000,    0.0000,  -10.1250,   20.2500,  7.122203,    29, 10000,    38,    47,
   47.0000,    0.0000,   -1.1250,    2.2500,144.662857,    30, 10000,    31,    32,
   48.5000,    0.0000,   -2.2500,    4.5000, 45.665260,    30, 10000,    32,    34,
   50.0000,    0.0000,   -3.3750,    6.7500, 11.770396,    30, 10000,    33,    36,
   51.5000,    0.0000,   -4.5000,    9.0000, 35.139446,    30, 10000,    34,    38,
   53.0000,    0.0000,   -5.6250,   11.2500, 10.083701,    30, 10000,    35,    40,
   54.5000,    0.0000,   -6.7500,   13.5000,  9.483802,    30, 10000,    36,    42,
   56.0000,    0.0000,   -7.8750,   15.7500, 11.250755,    30, 10000,    37,    44,
   57.5000,    0.0000,   -9.0000,   18.0000,  9.226295,    30, 10000,    38,    46,
   59.0000,    0.0000,  -10.1250,   20.2500,  7.975336,    30, 10000,    39,    48,
   48.5000,    0.0000,   -1.1250,    2.2500, 98.757813,    31, 10000,    32,    33,
   50.0000,    0.0000,   -2.2500,    4.5000, 20.465862,    31, 10000,    33,    35,
   51.5000,    0.0000,   -3.3750,    6.7500, 63.956390,    31, 10000,    34,    37,
   53.0000,    0.0000,   -4.5000,    9.0000, 16.374540,    31, 10000,    35,    39,
   54.5000,    0.0000,   -5.6250,   11.2500, 12.978045,    31, 10000,    36,    41,
   56.0000,    0.0000,   -6.7500,   13.5000, 12.861281,    31, 10000,    37,    43,
   57.5000,    0.0000,   -7.8750,   15.7500, 10.164098,    31, 10000,    38,    45,
   59.0000,    0.0000,   -9.0000,   18.0000,  7.627719,    31, 10000,    39,    47,
   50.0000,    0.0000,   -1.1250,    2.2500, 19.640194,    32, 10000,    33,    34,
   51.5000,    0.0000,   -2.2500,    4.5000,157.738007,    32, 10000,    34,    36,
   53.0000,    0.0000,   -3.3750,    6.7500, 35.538502,    32, 10000,    35,    38,
   54.5000,    0.0000,   -4.5000,    9.0000, 28.785143,    32, 10000,    36,    40,
   56.0000,    0.0000,   -5.6250,   11.2500, 29.340803,    32, 10000,    37,    42,
   57.5000,    0.0000,   -6.7500,   13.5000, 15.845319,    32, 10000,    38,    44,
   59.0000,    0.0000,   -7.8750,   15.7500, 10.599935,    32, 10000,    39,    46,
   60.5000,    0.0000,   -9.0000,   18.0000, 11.960303,    32, 10000,    40,    48,
   51.5000,    0.0000,   -1.1250,    2.2500,120.426796,    33, 10000,    34,    35,
   53.0000,    0.0000,   -2.2500,    4.5000, 17.532381,    33, 10000,    35,    37,
   54.5000,    0.0000,   -3.3750,    6.7500, 18.906406,    33, 10000,    36,    39,
   56.0000,    0.0000,   -4.5000,    9.0000, 19.551702,    33, 10000,    37,    41,
   57.5000,    0.0000,   -5.6250,   11.2500,  6.439344,    33, 10000,    38,    43,
   59.0000,    0.0000,   -6.7500,   13.5000,  4.850699,    33, 10000,    39,    45,
   60.5000,    0.0000,   -7.8750,   15.7500,  3.523029,    33, 10000,    40,    47,
   53.0000,    0.0000,   -1.1250,    2.2500, 56.646580,    34, 10000,    35,    36,
   54.5000,    0.0000,   -2.2500,    4.5000, 80.073311,    34, 10000,    36,    38,
   56.0000,    0.0000,   -3.3750,    6.7500,109.872040,    34, 10000,    37,    40,
   57.5000,    0.0000,   -4.5000,    9.0000, 38.917160,    34, 10000,    38,    42,
   59.0000,    0.0000,   -5.6250,   11.2500, 11.029684,    34, 10000,    39,    44,
   60.5000,    0.0000,   -6.7500,   13.5000,  6.898425,    34, 10000,    40,    46,
   62.0000,    0.0000,   -7.8750,   15.7500, 18.515079,    34, 10000,    41,    48,
   54.5000,    0.0000,   -1.1250,    2.2500,121.058640,    35, 10000,    36,    37,
   56.0000,    0.0000,   -2.2500,    4.5000,209.229935,    35, 10000,    37,    39,
   57.5000,    0.0000,   -3.3750,    6.7500, 86.687263,    35, 10000,    38,    41,
   59.0000,    0.0000,   -4.5000,    9.0000,  4.328913,    35, 10000,    39,    43,
   60.5000,    0.0000,   -5.6250,   11.2500, 11.863485,    35, 10000,    40,    45,
   62.0000,    0.0000,   -6.7500,   13.5000, 20.967733,    35, 10000,    41,    47,
   56.0000,    0.0000,   -1.1250,    2.2500,216.456039,    36, 10000,    37,    38,
   57.5000,    0.0000,   -2.2500,    4.5000,113.140732,    36, 10000,    38,    40,
   59.0000,    0.0000,   -3.3750,    6.7500, 28.676455,    36, 10000,    39,    42,
   60.5000,    0.0000,   -4.5000,    9.0000,  4.455237,    36, 10000,    40,    44,
   62.0000,    0.0000,   -5.6250,   11.2500, 21.735209,    36, 10000,    41,    46,
   63.5000,    0.0000,   -6.7500,   13.5000, 37.188091,    36, 10000,    42,    48,
   57.5000,    0.0000,   -1.1250,    2.2500,153.184464,    37, 10000,    38,    39,
   59.0000,    0.0000,   -2.2500,    4.5000, 67.689636,    37, 10000,    39,    41,
   60.5000,    0.0000,   -3.3750,    6.7500, 48.812107,    37, 10000,    40,    43,
   62.0000,    0.0000,   -4.5000,    9.0000, 27.765734,    37, 10000,    41,    45,
   63.5000,    0.0000,   -5.6250,   11.2500, 55.045006,    37, 10000,    42,    47,
   59.0000,    0.0000,   -1.1250,    2.2500,142.557190,    38, 10000,    39,    40,
   60.5000,    0.0000,   -2.2500,    4.5000,  0.008968,    38, 10000,    40,    42,
   62.0000,    0.0000,   -3.3750,    6.7500,  8.123723,    38, 10000,    41,    44,
   63.5000,    0.0000,   -4.5000,    9.0000, 69.259048,    38, 10000,    42,    46,
   65.0000,    0.0000,   -5.6250,   11.2500,228.771423,    38, 10000,    43,    48,
   60.5000,    0.0000,   -1.1250,    2.2500, 16.442394,    39, 10000,    40,    41,
   62.0000,    0.0000,   -2.2500,    4.5000, 32.354485,    39, 10000,    41,    43,
   63.5000,    0.0000,   -3.3750,    6.7500, 37.331650,    39, 10000,    42,    45,
   65.0000,    0.0000,   -4.5000,    9.0000,121.709557,    39, 10000,    43,    47,
   62.0000,    0.0000,   -1.1250,    2.2500, 42.347900,    40, 10000,    41,    42,
   63.5000,    0.0000,   -2.2500,    4.5000, 35.047428,    40, 10000,    42,    44,
   65.0000,    0.0000,   -3.3750,    6.7500,110.225334,    40, 10000,    43,    46,
   66.5000,    0.0000,   -4.5000,    9.0000, 39.992306,    40, 10000,    44,    48,
   63.5000,    0.0000,   -1.1250,    2.2500, 52.598774,    41, 10000,    42,    43,
   65.0000,    0.0000,   -2.2500,    4.5000, 65.538651,    41, 10000,    43,    45,
   66.5000,    0.0000,   -3.3750,    6.7500, 33.516975,    41, 10000,    44,    47,
   65.0000,    0.0000,   -1.1250,    2.2500,114.562035,    42, 10000,    43,    44,
   66.5000,    0.0000,   -2.2500,    4.5000, 74.167412,    42, 10000,    44,    46,
   68.0000,    0.0000,   -3.3750,    6.7500, 26.193699,    42, 10000,    45,    48,
   66.5000,    0.0000,   -1.1250,    2.2500,170.561386,    43, 10000,    44,    45,
   68.0000,    0.0000,   -2.2500,    4.5000, 48.367188,    43, 10000,    45,    47,
   68.0000,    0.0000,   -1.1250,    2.2500, 55.845608,    44, 10000,    45,    46,
   69.5000,    0.0000,   -2.2500,    4.5000,208.998291,    44, 10000,    46,    48,
   69.5000,    0.0000,   -1.1250,    2.2500,428.360321,    45, 10000,    46,    47,
   71.0000,    0.0000,   -1.1250,    2.2500,215.275635,    46, 10000,    47,    48,
