X	Y	P
0.0000 -3.4875 100.7036
0.6975 -3.4875 101.9527
1.3950 -3.4875 102.8920
2.0925 -3.4875 102.8589
2.7900 -3.4875 99.0336
3.4875 -3.4875 99.5174
4.1850 -3.4875 100.0486
4.8825 -3.4875 100.1108
5.5800 -3.4875 99.9805
6.2775 -3.4875 100.0537
6.9750 -3.4875 100.9473
7.6725 -3.4875 101.8289
8.3700 -3.4875 101.3895
9.0675 -3.4875 100.7334
9.7650 -3.4875 101.0755
10.4625 -3.4875 102.1262
11.1600 -3.4875 102.3349
11.8575 -3.4875 101.2258
12.5550 -3.4875 100.3404
13.2525 -3.4875 100.3502
13.9500 -3.4875 100.4940
14.6475 -3.4875 102.6502
15.3450 -3.4875 104.8093
16.0425 -3.4875 102.7991
16.7400 -3.4875 100.1989
17.4375 -3.4875 100.3903
18.1350 -3.4875 101.7082
18.8325 -3.4875 100.9629
19.5300 -3.4875 98.6196
20.2275 -3.4875 97.1662
20.9250 -3.4875 96.6693
21.6225 -3.4875 96.4501
22.3200 -3.4875 98.7512
23.0175 -3.4875 100.9251
23.7150 -3.4875 92.6981
24.4125 -3.4875 84.3542
25.1100 -3.4875 86.9158
25.8075 -3.4875 91.4802
26.5050 -3.4875 97.4694
27.2025 -3.4875 104.3356
27.9000 -3.4875 106.6762
28.5975 -3.4875 104.5997
29.2950 -3.4875 104.4772
29.9925 -3.4875 107.8525
30.6900 -3.4875 110.4760
31.3875 -3.4875 109.9462
32.0850 -3.4875 109.3661
32.7825 -3.4875 106.2098
33.4800 -3.4875 103.0528
34.1775 -3.4875 105.6489
34.8750 -3.4875 109.2926
35.5725 -3.4875 105.5324
36.2700 -3.4875 98.2627
36.9675 -3.4875 95.1943
37.6650 -3.4875 95.9740
38.3625 -3.4875 96.5829
39.0600 -3.4875 96.9340
39.7575 -3.4875 95.9588
40.4550 -3.4875 90.1630
41.1525 -3.4875 85.3032
41.8500 -3.4875 94.9558
42.5475 -3.4875 104.6093
43.2450 -3.4875 103.5973
43.9425 -3.4875 101.4602
44.6400 -3.4875 103.1409
45.3375 -3.4875 106.0676
46.0350 -3.4875 106.3816
46.7325 -3.4875 104.8787
47.4300 -3.4875 102.6563
48.1275 -3.4875 99.5983
48.8250 -3.4875 97.4915
49.5225 -3.4875 97.7338
50.2200 -3.4875 97.4985
50.9175 -3.4875 93.9075
51.6150 -3.4875 90.3163
52.3125 -3.4875 97.3756
53.0100 -3.4875 104.8260
53.7075 -3.4875 100.5405
54.4050 -3.4875 93.4773
55.1025 -3.4875 91.8478
55.8000 -3.4875 93.1039
56.4975 -3.4875 96.4829
57.1950 -3.4875 101.8846
57.8925 -3.4875 105.3244
58.5900 -3.4875 105.2522
59.2875 -3.4875 106.2078
59.9850 -3.4875 111.3348
60.6825 -3.4875 97.1570
61.3800 -3.4875 99.9294
62.0775 -3.4875 102.7018
62.7750 -3.4875 98.6666
63.4725 -3.4875 93.8028
64.1700 -3.4875 92.3168
64.8675 -3.4875 85.0209
65.5650 -3.4875 86.6623
66.2625 -3.4875 94.6760
66.9600 -3.4875 108.8046
67.6575 -3.4875 93.0643
68.3550 -3.4875 79.0251
69.0525 -3.4875 69.3967
69.7500 -3.4875 100.0192
0.0000 -2.7900 99.6310
0.6975 -2.7900 100.9883
1.3950 -2.7900 102.4135
2.0925 -2.7900 102.8229
2.7900 -2.7900 102.8016
3.4875 -2.7900 99.1727
4.1850 -2.7900 99.7359
4.8825 -2.7900 100.1352
5.5800 -2.7900 100.0045
6.2775 -2.7900 99.9834
6.9750 -2.7900 100.6947
7.6725 -2.7900 101.6075
8.3700 -2.7900 101.5482
9.0675 -2.7900 100.8844
9.7650 -2.7900 100.8750
10.4625 -2.7900 101.9330
11.1600 -2.7900 102.5521
11.8575 -2.7900 101.4345
12.5550 -2.7900 100.3460
13.2525 -2.7900 100.3554
13.9500 -2.7900 100.3647
14.6475 -2.7900 102.2844
15.3450 -2.7900 104.4564
16.0425 -2.7900 103.2258
16.7400 -2.7900 100.6108
17.4375 -2.7900 100.1709
18.1350 -2.7900 101.4964
18.8325 -2.7900 101.3403
19.5300 -2.7900 98.9842
20.2275 -2.7900 97.1778
20.9250 -2.7900 96.6821
21.6225 -2.7900 96.1794
22.3200 -2.7900 98.4874
23.0175 -2.7900 100.7959
23.7150 -2.7900 93.7034
24.4125 -2.7900 85.3336
25.1100 -2.7900 86.3666
25.8075 -2.7900 90.9451
26.5050 -2.7900 96.7397
27.2025 -2.7900 103.6226
27.9000 -2.7900 106.9099
28.5975 -2.7900 104.8279
29.2950 -2.7900 104.1251
29.9925 -2.7900 107.5084
30.6900 -2.7900 110.5313
31.3875 -2.7900 110.0002
32.0850 -2.7900 109.4690
32.7825 -2.7900 106.4991
33.4800 -2.7900 103.3365
34.1775 -2.7900 105.3635
34.8750 -2.7900 109.0121
35.5725 -2.7900 106.0979
36.2700 -2.7900 98.8186
36.9675 -2.7900 95.1358
37.6650 -2.7900 95.9164
38.3625 -2.7900 96.5627
39.0600 -2.7900 96.9141
39.7575 -2.7900 96.3922
40.4550 -2.7900 90.5893
41.1525 -2.7900 84.7861
41.8500 -2.7900 94.2703
42.5475 -2.7900 103.9343
43.2450 -2.7900 103.7502
43.9425 -2.7900 101.6108
44.6400 -2.7900 102.9374
45.3375 -2.7900 105.8672
46.0350 -2.7900 106.4713
46.7325 -2.7900 104.9672
47.4300 -2.7900 102.8576
48.1275 -2.7900 99.7967
48.8250 -2.7900 97.4729
49.5225 -2.7900 97.7155
50.2200 -2.7900 97.7118
50.9175 -2.7900 94.1180
51.6150 -2.7900 90.5241
52.3125 -2.7900 96.9589
53.0100 -2.7900 104.4144
53.7075 -2.7900 100.9249
54.4050 -2.7900 93.8572
55.1025 -2.7900 91.7835
55.8000 -2.7900 93.0403
56.4975 -2.7900 96.1865
57.1950 -2.7900 101.5917
57.8925 -2.7900 105.3379
58.5900 -2.7900 105.2654
59.2875 -2.7900 105.9516
59.9850 -2.7900 111.0815
60.6825 -2.7900 116.2115
61.3800 -2.7900 99.7911
62.0775 -2.7900 102.5650
62.7750 -2.7900 98.9096
63.4725 -2.7900 94.0430
64.1700 -2.7900 92.6644
64.8675 -2.7900 85.3649
65.5650 -2.7900 86.2781
66.2625 -2.7900 94.2959
66.9600 -2.7900 109.5427
67.6575 -2.7900 93.7946
68.3550 -2.7900 79.4673
69.0525 -2.7900 69.8344
69.7500 -2.7900 100.0192
0.0000 -2.0925 104.7312
0.6975 -2.0925 100.1802
1.3950 -2.0925 101.6945
2.0925 -2.0925 102.7905
2.7900 -2.0925 102.7747
3.4875 -2.0925 98.8883
4.1850 -2.0925 99.4807
4.8825 -2.0925 100.0820
5.5800 -2.0925 100.0228
6.2775 -2.0925 99.8924
6.9750 -2.0925 100.4951
7.6725 -2.0925 101.4193
8.3700 -2.0925 101.6729
9.0675 -2.0925 101.0030
9.7650 -2.0925 100.7185
10.4625 -2.0925 101.7821
11.1600 -2.0925 102.7222
11.8575 -2.0925 101.5978
12.5550 -2.0925 100.4727
13.2525 -2.0925 100.3595
13.9500 -2.0925 100.3684
14.6475 -2.0925 101.9983
15.3450 -2.0925 104.1805
16.0425 -2.0925 103.5595
16.7400 -2.0925 100.9328
17.4375 -2.0925 99.9992
18.1350 -2.0925 101.3308
18.8325 -2.0925 101.6353
19.5300 -2.0925 99.2692
20.2275 -2.0925 97.1865
20.9250 -2.0925 96.6918
21.6225 -2.0925 96.1972
22.3200 -2.0925 98.2816
23.0175 -2.0925 100.5951
23.7150 -2.0925 94.4876
24.4125 -2.0925 86.0974
25.1100 -2.0925 85.9382
25.8075 -2.0925 90.5278
26.5050 -2.0925 96.1709
27.2025 -2.0925 103.0669
27.9000 -2.0925 107.0922
28.5975 -2.0925 105.0058
29.2950 -2.0925 103.8507
29.9925 -2.0925 107.2401
30.6900 -2.0925 110.5745
31.3875 -2.0925 110.0424
32.0850 -2.0925 109.5103
32.7825 -2.0925 106.7246
33.4800 -2.0925 103.5574
34.1775 -2.0925 105.1413
34.8750 -2.0925 108.7936
35.5725 -2.0925 106.5383
36.2700 -2.0925 99.2516
36.9675 -2.0925 95.0902
37.6650 -2.0925 95.8716
38.3625 -2.0925 96.5470
39.0600 -2.0925 96.8985
39.7575 -2.0925 96.7297
40.4550 -2.0925 90.9213
41.1525 -2.0925 85.1127
41.8500 -2.0925 93.7365
42.5475 -2.0925 103.4089
43.2450 -2.0925 103.8693
43.9425 -2.0925 101.7280
44.6400 -2.0925 102.7789
45.3375 -2.0925 105.7111
46.0350 -2.0925 106.5410
46.7325 -2.0925 105.0361
47.4300 -2.0925 103.0144
48.1275 -2.0925 99.9512
48.8250 -2.0925 97.4584
49.5225 -2.0925 97.7013
50.2200 -2.0925 97.8778
50.9175 -2.0925 94.2819
51.6150 -2.0925 90.6859
52.3125 -2.0925 96.6345
53.0100 -2.0925 104.0940
53.7075 -2.0925 101.2242
54.4050 -2.0925 94.1528
55.1025 -2.0925 91.7334
55.8000 -2.0925 92.9909
56.4975 -2.0925 95.9559
57.1950 -2.0925 101.3639
57.8925 -2.0925 105.3483
58.5900 -2.0925 105.2757
59.2875 -2.0925 105.7523
59.9850 -2.0925 110.8844
60.6825 -2.0925 116.0165
61.3800 -2.0925 99.6835
62.0775 -2.0925 102.4586
62.7750 -2.0925 99.0987
63.4725 -2.0925 94.2300
64.1700 -2.0925 92.9349
64.8675 -2.0925 85.6326
65.5650 -2.0925 85.9791
66.2625 -2.0925 94.0000
66.9600 -2.0925 110.1169
67.6575 -2.0925 94.3630
68.3550 -2.0925 79.8114
69.0525 -2.0925 70.1750
69.7500 -2.0925 100.0192
0.0000 -1.3950 105.1327
0.6975 -1.3950 99.5642
1.3950 -1.3950 101.1544
2.0925 -1.3950 102.7436
2.7900 -1.3950 102.7534
3.4875 -1.3950 102.7438
4.1850 -1.3950 99.2911
4.8825 -1.3950 99.9116
5.5800 -1.3950 100.0356
6.2775 -1.3950 99.9051
6.9750 -1.3950 100.3508
7.6725 -1.3950 101.2834
8.3700 -1.3950 101.7628
9.0675 -1.3950 101.0884
9.7650 -1.3950 100.6064
10.4625 -1.3950 101.6740
11.1600 -1.3950 102.7417
11.8575 -1.3950 101.7150
12.5550 -1.3950 100.5853
13.2525 -1.3950 100.3625
13.9500 -1.3950 100.3712
14.6475 -1.3950 101.7930
15.3450 -1.3950 103.9827
16.0425 -1.3950 103.7988
16.7400 -1.3950 101.1637
17.4375 -1.3950 99.8761
18.1350 -1.3950 101.2121
18.8325 -1.3950 101.8468
19.5300 -1.3950 99.4735
20.2275 -1.3950 97.1926
20.9250 -1.3950 96.6986
21.6225 -1.3950 96.2047
22.3200 -1.3950 98.1343
23.0175 -1.3950 100.4515
23.7150 -1.3950 95.0490
24.4125 -1.3950 86.6441
25.1100 -1.3950 85.6316
25.8075 -1.3950 90.2292
26.5050 -1.3950 95.7639
27.2025 -1.3950 102.6693
27.9000 -1.3950 107.2227
28.5975 -1.3950 105.1331
29.2950 -1.3950 103.6544
29.9925 -1.3950 107.0482
30.6900 -1.3950 110.4422
31.3875 -1.3950 110.0725
32.0850 -1.3950 109.5397
32.7825 -1.3950 106.8858
33.4800 -1.3950 103.7154
34.1775 -1.3950 104.9824
34.8750 -1.3950 108.6375
35.5725 -1.3950 106.8531
36.2700 -1.3950 99.5610
36.9675 -1.3950 95.0576
37.6650 -1.3950 95.8396
38.3625 -1.3950 96.5358
39.0600 -1.3950 96.8874
39.7575 -1.3950 96.9709
40.4550 -1.3950 91.1586
41.1525 -1.3950 85.3462
41.8500 -1.3950 93.3550
42.5475 -1.3950 103.0333
43.2450 -1.3950 103.9544
43.9425 -1.3950 101.8118
44.6400 -1.3950 102.6657
45.3375 -1.3950 105.5996
46.0350 -1.3950 106.5909
46.7325 -1.3950 105.0853
47.4300 -1.3950 103.1264
48.1275 -1.3950 100.0616
48.8250 -1.3950 97.4481
49.5225 -1.3950 97.6911
50.2200 -1.3950 97.9341
50.9175 -1.3950 94.3989
51.6150 -1.3950 90.8014
52.3125 -1.3950 96.4027
53.0100 -1.3950 103.8651
53.7075 -1.3950 101.4380
54.4050 -1.3950 94.3641
55.1025 -1.3950 91.6976
55.8000 -1.3950 92.9555
56.4975 -1.3950 95.7910
57.1950 -1.3950 101.2010
57.8925 -1.3950 105.3558
58.5900 -1.3950 105.2830
59.2875 -1.3950 105.6099
59.9850 -1.3950 110.7435
60.6825 -1.3950 115.8772
61.3800 -1.3950 99.6067
62.0775 -1.3950 102.3826
62.7750 -1.3950 99.2338
63.4725 -1.3950 94.3636
64.1700 -1.3950 93.1282
64.8675 -1.3950 85.8239
65.5650 -1.3950 85.7655
66.2625 -1.3950 93.7886
66.9600 -1.3950 110.5272
67.6575 -1.3950 94.7690
68.3550 -1.3950 80.0572
69.0525 -1.3950 70.4184
69.7500 -1.3950 100.0192
0.0000 -0.6975 105.3842
0.6975 -0.6975 99.1878
1.3950 -0.6975 100.8182
2.0925 -0.6975 102.4650
2.7900 -0.6975 102.7397
3.4875 -0.6975 102.7327
4.1850 -0.6975 99.1742
4.8825 -0.6975 99.8070
5.5800 -0.6975 100.0432
6.2775 -0.6975 99.9127
6.9750 -0.6975 100.2634
7.6725 -0.6975 101.2013
8.3700 -0.6975 101.8170
9.0675 -0.6975 101.1399
9.7650 -0.6975 100.5391
10.4625 -0.6975 101.6090
11.1600 -0.6975 102.6790
11.8575 -0.6975 101.7855
12.5550 -0.6975 100.6531
13.2525 -0.6975 100.3643
13.9500 -0.6975 100.3728
14.6475 -0.6975 101.6695
15.3450 -0.6975 103.8637
16.0425 -0.6975 103.9428
16.7400 -0.6975 101.3026
17.4375 -0.6975 99.8020
18.1350 -0.6975 101.1407
18.8325 -0.6975 101.9741
19.5300 -0.6975 99.5963
20.2275 -0.6975 97.2185
20.9250 -0.6975 96.7026
21.6225 -0.6975 96.2091
22.3200 -0.6975 98.0459
23.0175 -0.6975 100.3652
23.7150 -0.6975 95.3863
24.4125 -0.6975 86.9726
25.1100 -0.6975 85.4474
25.8075 -0.6975 90.0497
26.5050 -0.6975 95.5195
27.2025 -0.6975 102.4305
27.9000 -0.6975 107.3010
28.5975 -0.6975 105.2096
29.2950 -0.6975 103.5365
29.9925 -0.6975 106.9330
30.6900 -0.6975 110.3295
31.3875 -0.6975 110.0906
32.0850 -0.6975 109.5574
32.7825 -0.6975 106.9826
33.4800 -0.6975 103.8103
34.1775 -0.6975 104.8871
34.8750 -0.6975 108.5437
35.5725 -0.6975 107.0421
36.2700 -0.6975 99.7468
36.9675 -0.6975 95.0381
37.6650 -0.6975 95.8203
38.3625 -0.6975 96.5290
39.0600 -0.6975 96.8808
39.7575 -0.6975 97.1157
40.4550 -0.6975 91.3011
41.1525 -0.6975 85.4864
41.8500 -0.6975 93.1260
42.5475 -0.6975 102.8078
43.2450 -0.6975 104.0055
43.9425 -0.6975 101.8621
44.6400 -0.6975 102.5977
45.3375 -0.6975 105.5326
46.0350 -0.6975 106.6208
46.7325 -0.6975 105.1149
47.4300 -0.6975 103.1936
48.1275 -0.6975 100.1279
48.8250 -0.6975 97.4419
49.5225 -0.6975 97.6850
50.2200 -0.6975 97.9281
50.9175 -0.6975 94.4692
51.6150 -0.6975 90.8708
52.3125 -0.6975 96.2636
53.0100 -0.6975 103.7276
53.7075 -0.6975 101.5663
54.4050 -0.6975 94.4909
55.1025 -0.6975 91.6762
55.8000 -0.6975 92.9343
56.4975 -0.6975 95.6921
57.1950 -0.6975 101.1033
57.8925 -0.6975 105.3603
58.5900 -0.6975 105.2874
59.2875 -0.6975 105.5244
59.9850 -0.6975 110.6590
60.6825 -0.6975 115.7936
61.3800 -0.6975 99.5605
62.0775 -0.6975 102.3370
62.7750 -0.6975 99.3149
63.4725 -0.6975 94.4438
64.1700 -0.6975 93.2442
64.8675 -0.6975 85.9386
65.5650 -0.6975 85.6373
66.2625 -0.6975 93.6617
66.9600 -0.6975 110.7734
67.6575 -0.6975 95.0128
68.3550 -0.6975 80.2048
69.0525 -0.6975 70.5645
69.7500 -0.6975 100.0192
0.0000 -0.0000 105.4700
0.6975 -0.0000 104.3564
1.3950 -0.0000 100.7039
2.0925 -0.0000 102.3647
2.7900 -0.0000 102.7350
3.4875 -0.0000 102.7288
4.1850 -0.0000 99.1346
4.8825 -0.0000 99.7718
5.5800 -0.0000 100.0457
6.2775 -0.0000 99.9152
6.9750 -0.0000 100.2342
7.6725 -0.0000 101.1738
8.3700 -0.0000 101.8352
9.0675 -0.0000 101.1571
9.7650 -0.0000 100.5166
10.4625 -0.0000 101.5873
11.1600 -0.0000 102.6580
11.8575 -0.0000 101.8091
12.5550 -0.0000 100.6757
13.2525 -0.0000 100.3649
13.9500 -0.0000 100.3734
14.6475 -0.0000 101.6283
15.3450 -0.0000 103.8239
16.0425 -0.0000 103.9909
16.7400 -0.0000 101.3490
17.4375 -0.0000 99.7773
18.1350 -0.0000 101.1168
18.8325 -0.0000 102.0165
19.5300 -0.0000 99.6373
20.2275 -0.0000 97.2581
20.9250 -0.0000 96.7039
21.6225 -0.0000 96.2105
22.3200 -0.0000 98.0163
23.0175 -0.0000 100.3364
23.7150 -0.0000 95.4988
24.4125 -0.0000 87.0822
25.1100 -0.0000 85.3859
25.8075 -0.0000 89.9899
26.5050 -0.0000 95.4379
27.2025 -0.0000 102.3508
27.9000 -0.0000 107.3272
28.5975 -0.0000 105.2351
29.2950 -0.0000 103.4972
29.9925 -0.0000 106.8945
30.6900 -0.0000 110.2919
31.3875 -0.0000 110.0967
32.0850 -0.0000 109.5634
32.7825 -0.0000 107.0149
33.4800 -0.0000 103.8420
34.1775 -0.0000 104.8552
34.8750 -0.0000 108.5124
35.5725 -0.0000 107.1051
36.2700 -0.0000 99.8088
36.9675 -0.0000 95.0316
37.6650 -0.0000 95.8139
38.3625 -0.0000 96.5268
39.0600 -0.0000 96.8785
39.7575 -0.0000 97.1640
40.4550 -0.0000 91.3486
41.1525 -0.0000 85.5331
41.8500 -0.0000 93.0496
42.5475 -0.0000 102.7327
43.2450 -0.0000 104.0225
43.9425 -0.0000 101.8789
44.6400 -0.0000 102.5750
45.3375 -0.0000 105.5103
46.0350 -0.0000 106.6308
46.7325 -0.0000 105.1247
47.4300 -0.0000 103.2160
48.1275 -0.0000 100.1500
48.8250 -0.0000 97.4398
49.5225 -0.0000 97.6829
50.2200 -0.0000 97.9261
50.9175 -0.0000 94.4926
51.6150 -0.0000 90.8939
52.3125 -0.0000 96.2172
53.0100 -0.0000 103.6818
53.7075 -0.0000 101.6091
54.4050 -0.0000 94.5331
55.1025 -0.0000 91.6691
55.8000 -0.0000 92.9272
56.4975 -0.0000 95.6591
57.1950 -0.0000 101.0707
57.8925 -0.0000 105.3618
58.5900 -0.0000 105.2889
59.2875 -0.0000 105.4959
59.9850 -0.0000 110.6308
60.6825 -0.0000 115.7657
61.3800 -0.0000 99.5451
62.0775 -0.0000 102.3218
62.7750 -0.0000 99.3419
63.4725 -0.0000 94.4705
64.1700 -0.0000 93.2829
64.8675 -0.0000 85.9769
65.5650 -0.0000 85.5945
66.2625 -0.0000 93.6194
66.9600 -0.0000 110.8555
67.6575 -0.0000 95.0940
68.3550 -0.0000 80.2540
69.0525 -0.0000 70.6132
69.7500 -0.0000 100.0192
0.0000 0.6975 105.3842
0.6975 0.6975 99.1878
1.3950 0.6975 100.8182
2.0925 0.6975 102.4650
2.7900 0.6975 102.7397
3.4875 0.6975 102.7327
4.1850 0.6975 99.1742
4.8825 0.6975 99.8070
5.5800 0.6975 100.0432
6.2775 0.6975 99.9127
6.9750 0.6975 100.2634
7.6725 0.6975 101.2013
8.3700 0.6975 101.8170
9.0675 0.6975 101.1399
9.7650 0.6975 100.5391
10.4625 0.6975 101.6090
11.1600 0.6975 102.6790
11.8575 0.6975 101.7855
12.5550 0.6975 100.6531
13.2525 0.6975 100.3643
13.9500 0.6975 100.3728
14.6475 0.6975 101.6695
15.3450 0.6975 103.8637
16.0425 0.6975 103.9428
16.7400 0.6975 101.3026
17.4375 0.6975 99.8020
18.1350 0.6975 101.1407
18.8325 0.6975 101.9741
19.5300 0.6975 99.5963
20.2275 0.6975 97.2185
20.9250 0.6975 96.7026
21.6225 0.6975 96.2091
22.3200 0.6975 98.0459
23.0175 0.6975 100.3652
23.7150 0.6975 95.3863
24.4125 0.6975 86.9726
25.1100 0.6975 85.4474
25.8075 0.6975 90.0497
26.5050 0.6975 95.5195
27.2025 0.6975 102.4305
27.9000 0.6975 107.3010
28.5975 0.6975 105.2096
29.2950 0.6975 103.5365
29.9925 0.6975 106.9330
30.6900 0.6975 110.3295
31.3875 0.6975 110.0906
32.0850 0.6975 109.5574
32.7825 0.6975 106.9826
33.4800 0.6975 103.8103
34.1775 0.6975 104.8871
34.8750 0.6975 108.5437
35.5725 0.6975 107.0421
36.2700 0.6975 99.7468
36.9675 0.6975 95.0381
37.6650 0.6975 95.8203
38.3625 0.6975 96.5290
39.0600 0.6975 96.8808
39.7575 0.6975 97.1157
40.4550 0.6975 91.3011
41.1525 0.6975 85.4864
41.8500 0.6975 93.1260
42.5475 0.6975 102.8078
43.2450 0.6975 104.0055
43.9425 0.6975 101.8621
44.6400 0.6975 102.5977
45.3375 0.6975 105.5326
46.0350 0.6975 106.6208
46.7325 0.6975 105.1149
47.4300 0.6975 103.1936
48.1275 0.6975 100.1279
48.8250 0.6975 97.4419
49.5225 0.6975 97.6850
50.2200 0.6975 97.9281
50.9175 0.6975 94.4692
51.6150 0.6975 90.8708
52.3125 0.6975 96.2636
53.0100 0.6975 103.7276
53.7075 0.6975 101.5663
54.4050 0.6975 94.4909
55.1025 0.6975 91.6762
55.8000 0.6975 92.9343
56.4975 0.6975 95.6921
57.1950 0.6975 101.1033
57.8925 0.6975 105.3603
58.5900 0.6975 105.2874
59.2875 0.6975 105.5244
59.9850 0.6975 110.6590
60.6825 0.6975 115.7936
61.3800 0.6975 99.5605
62.0775 0.6975 102.3370
62.7750 0.6975 99.3149
63.4725 0.6975 94.4438
64.1700 0.6975 93.2442
64.8675 0.6975 85.9386
65.5650 0.6975 85.6373
66.2625 0.6975 93.6617
66.9600 0.6975 110.7734
67.6575 0.6975 95.0128
68.3550 0.6975 80.2048
69.0525 0.6975 70.5645
69.7500 0.6975 100.0192
0.0000 1.3950 105.1327
0.6975 1.3950 99.5642
1.3950 1.3950 101.1544
2.0925 1.3950 102.7436
2.7900 1.3950 102.7534
3.4875 1.3950 102.7438
4.1850 1.3950 99.2911
4.8825 1.3950 99.9116
5.5800 1.3950 100.0356
6.2775 1.3950 99.9051
6.9750 1.3950 100.3508
7.6725 1.3950 101.2834
8.3700 1.3950 101.7628
9.0675 1.3950 101.0884
9.7650 1.3950 100.6064
10.4625 1.3950 101.6740
11.1600 1.3950 102.7417
11.8575 1.3950 101.7150
12.5550 1.3950 100.5853
13.2525 1.3950 100.3625
13.9500 1.3950 100.3712
14.6475 1.3950 101.7930
15.3450 1.3950 103.9827
16.0425 1.3950 103.7988
16.7400 1.3950 101.1637
17.4375 1.3950 99.8761
18.1350 1.3950 101.2121
18.8325 1.3950 101.8468
19.5300 1.3950 99.4735
20.2275 1.3950 97.1926
20.9250 1.3950 96.6986
21.6225 1.3950 96.2047
22.3200 1.3950 98.1343
23.0175 1.3950 100.4515
23.7150 1.3950 95.0490
24.4125 1.3950 86.6441
25.1100 1.3950 85.6316
25.8075 1.3950 90.2292
26.5050 1.3950 95.7639
27.2025 1.3950 102.6693
27.9000 1.3950 107.2227
28.5975 1.3950 105.1331
29.2950 1.3950 103.6544
29.9925 1.3950 107.0482
30.6900 1.3950 110.4422
31.3875 1.3950 110.0725
32.0850 1.3950 109.5397
32.7825 1.3950 106.8858
33.4800 1.3950 103.7154
34.1775 1.3950 104.9824
34.8750 1.3950 108.6375
35.5725 1.3950 106.8531
36.2700 1.3950 99.5610
36.9675 1.3950 95.0576
37.6650 1.3950 95.8396
38.3625 1.3950 96.5358
39.0600 1.3950 96.8874
39.7575 1.3950 96.9709
40.4550 1.3950 91.1586
41.1525 1.3950 85.3462
41.8500 1.3950 93.3550
42.5475 1.3950 103.0333
43.2450 1.3950 103.9544
43.9425 1.3950 101.8118
44.6400 1.3950 102.6657
45.3375 1.3950 105.5996
46.0350 1.3950 106.5909
46.7325 1.3950 105.0853
47.4300 1.3950 103.1264
48.1275 1.3950 100.0616
48.8250 1.3950 97.4481
49.5225 1.3950 97.6911
50.2200 1.3950 97.9341
50.9175 1.3950 94.3989
51.6150 1.3950 90.8014
52.3125 1.3950 96.4027
53.0100 1.3950 103.8651
53.7075 1.3950 101.4380
54.4050 1.3950 94.3641
55.1025 1.3950 91.6976
55.8000 1.3950 92.9555
56.4975 1.3950 95.7910
57.1950 1.3950 101.2010
57.8925 1.3950 105.3558
58.5900 1.3950 105.2830
59.2875 1.3950 105.6099
59.9850 1.3950 110.7435
60.6825 1.3950 115.8772
61.3800 1.3950 99.6067
62.0775 1.3950 102.3826
62.7750 1.3950 99.2338
63.4725 1.3950 94.3636
64.1700 1.3950 93.1282
64.8675 1.3950 85.8239
65.5650 1.3950 85.7655
66.2625 1.3950 93.7886
66.9600 1.3950 110.5272
67.6575 1.3950 94.7690
68.3550 1.3950 80.0572
69.0525 1.3950 70.4184
69.7500 1.3950 100.0192
0.0000 2.0925 104.7312
0.6975 2.0925 100.1802
1.3950 2.0925 101.6945
2.0925 2.0925 102.7905
2.7900 2.0925 102.7747
3.4875 2.0925 98.8883
4.1850 2.0925 99.4807
4.8825 2.0925 100.0820
5.5800 2.0925 100.0228
6.2775 2.0925 99.8924
6.9750 2.0925 100.4951
7.6725 2.0925 101.4193
8.3700 2.0925 101.6729
9.0675 2.0925 101.0030
9.7650 2.0925 100.7185
10.4625 2.0925 101.7821
11.1600 2.0925 102.7222
11.8575 2.0925 101.5978
12.5550 2.0925 100.4727
13.2525 2.0925 100.3595
13.9500 2.0925 100.3684
14.6475 2.0925 101.9983
15.3450 2.0925 104.1805
16.0425 2.0925 103.5595
16.7400 2.0925 100.9328
17.4375 2.0925 99.9992
18.1350 2.0925 101.3308
18.8325 2.0925 101.6353
19.5300 2.0925 99.2692
20.2275 2.0925 97.1865
20.9250 2.0925 96.6918
21.6225 2.0925 96.1972
22.3200 2.0925 98.2816
23.0175 2.0925 100.5951
23.7150 2.0925 94.4876
24.4125 2.0925 86.0974
25.1100 2.0925 85.9382
25.8075 2.0925 90.5278
26.5050 2.0925 96.1709
27.2025 2.0925 103.0669
27.9000 2.0925 107.0922
28.5975 2.0925 105.0058
29.2950 2.0925 103.8507
29.9925 2.0925 107.2401
30.6900 2.0925 110.5745
31.3875 2.0925 110.0424
32.0850 2.0925 109.5103
32.7825 2.0925 106.7246
33.4800 2.0925 103.5574
34.1775 2.0925 105.1413
34.8750 2.0925 108.7936
35.5725 2.0925 106.5383
36.2700 2.0925 99.2516
36.9675 2.0925 95.0902
37.6650 2.0925 95.8716
38.3625 2.0925 96.5470
39.0600 2.0925 96.8985
39.7575 2.0925 96.7297
40.4550 2.0925 90.9213
41.1525 2.0925 85.1127
41.8500 2.0925 93.7365
42.5475 2.0925 103.4089
43.2450 2.0925 103.8693
43.9425 2.0925 101.7280
44.6400 2.0925 102.7789
45.3375 2.0925 105.7111
46.0350 2.0925 106.5410
46.7325 2.0925 105.0361
47.4300 2.0925 103.0144
48.1275 2.0925 99.9512
48.8250 2.0925 97.4584
49.5225 2.0925 97.7013
50.2200 2.0925 97.8778
50.9175 2.0925 94.2819
51.6150 2.0925 90.6859
52.3125 2.0925 96.6345
53.0100 2.0925 104.0940
53.7075 2.0925 101.2242
54.4050 2.0925 94.1528
55.1025 2.0925 91.7334
55.8000 2.0925 92.9909
56.4975 2.0925 95.9559
57.1950 2.0925 101.3639
57.8925 2.0925 105.3483
58.5900 2.0925 105.2757
59.2875 2.0925 105.7523
59.9850 2.0925 110.8844
60.6825 2.0925 116.0165
61.3800 2.0925 99.6835
62.0775 2.0925 102.4586
62.7750 2.0925 99.0987
63.4725 2.0925 94.2300
64.1700 2.0925 92.9349
64.8675 2.0925 85.6326
65.5650 2.0925 85.9791
66.2625 2.0925 94.0000
66.9600 2.0925 110.1169
67.6575 2.0925 94.3630
68.3550 2.0925 79.8114
69.0525 2.0925 70.1750
69.7500 2.0925 100.0192
0.0000 2.7900 99.6310
0.6975 2.7900 100.9883
1.3950 2.7900 102.4135
2.0925 2.7900 102.8229
2.7900 2.7900 102.8016
3.4875 2.7900 99.1727
4.1850 2.7900 99.7359
4.8825 2.7900 100.1352
5.5800 2.7900 100.0045
6.2775 2.7900 99.9834
6.9750 2.7900 100.6947
7.6725 2.7900 101.6075
8.3700 2.7900 101.5482
9.0675 2.7900 100.8844
9.7650 2.7900 100.8750
10.4625 2.7900 101.9330
11.1600 2.7900 102.5521
11.8575 2.7900 101.4345
12.5550 2.7900 100.3460
13.2525 2.7900 100.3554
13.9500 2.7900 100.3647
14.6475 2.7900 102.2844
15.3450 2.7900 104.4564
16.0425 2.7900 103.2258
16.7400 2.7900 100.6108
17.4375 2.7900 100.1709
18.1350 2.7900 101.4964
18.8325 2.7900 101.3403
19.5300 2.7900 98.9842
20.2275 2.7900 97.1778
20.9250 2.7900 96.6821
21.6225 2.7900 96.1794
22.3200 2.7900 98.4874
23.0175 2.7900 100.7959
23.7150 2.7900 93.7034
24.4125 2.7900 85.3336
25.1100 2.7900 86.3666
25.8075 2.7900 90.9451
26.5050 2.7900 96.7397
27.2025 2.7900 103.6226
27.9000 2.7900 106.9099
28.5975 2.7900 104.8279
29.2950 2.7900 104.1251
29.9925 2.7900 107.5084
30.6900 2.7900 110.5313
31.3875 2.7900 110.0002
32.0850 2.7900 109.4690
32.7825 2.7900 106.4991
33.4800 2.7900 103.3365
34.1775 2.7900 105.3635
34.8750 2.7900 109.0121
35.5725 2.7900 106.0979
36.2700 2.7900 98.8186
36.9675 2.7900 95.1358
37.6650 2.7900 95.9164
38.3625 2.7900 96.5627
39.0600 2.7900 96.9141
39.7575 2.7900 96.3922
40.4550 2.7900 90.5893
41.1525 2.7900 84.7861
41.8500 2.7900 94.2703
42.5475 2.7900 103.9343
43.2450 2.7900 103.7502
43.9425 2.7900 101.6108
44.6400 2.7900 102.9374
45.3375 2.7900 105.8672
46.0350 2.7900 106.4713
46.7325 2.7900 104.9672
47.4300 2.7900 102.8576
48.1275 2.7900 99.7967
48.8250 2.7900 97.4729
49.5225 2.7900 97.7155
50.2200 2.7900 97.7118
50.9175 2.7900 94.1180
51.6150 2.7900 90.5241
52.3125 2.7900 96.9589
53.0100 2.7900 104.4144
53.7075 2.7900 100.9249
54.4050 2.7900 93.8572
55.1025 2.7900 91.7835
55.8000 2.7900 93.0403
56.4975 2.7900 96.1865
57.1950 2.7900 101.5917
57.8925 2.7900 105.3379
58.5900 2.7900 105.2654
59.2875 2.7900 105.9516
59.9850 2.7900 111.0815
60.6825 2.7900 116.2115
61.3800 2.7900 99.7911
62.0775 2.7900 102.5650
62.7750 2.7900 98.9096
63.4725 2.7900 94.0430
64.1700 2.7900 92.6644
64.8675 2.7900 85.3649
65.5650 2.7900 86.2781
66.2625 2.7900 94.2959
66.9600 2.7900 109.5427
67.6575 2.7900 93.7946
68.3550 2.7900 79.4673
69.0525 2.7900 69.8344
69.7500 2.7900 100.0192
0.0000 3.4875 100.7036
0.6975 3.4875 101.9527
1.3950 3.4875 102.8920
2.0925 3.4875 102.8589
2.7900 3.4875 99.0336
3.4875 3.4875 99.5174
4.1850 3.4875 100.0486
4.8825 3.4875 100.1108
5.5800 3.4875 99.9805
6.2775 3.4875 100.0537
6.9750 3.4875 100.9473
7.6725 3.4875 101.8289
8.3700 3.4875 101.3895
9.0675 3.4875 100.7334
9.7650 3.4875 101.0755
10.4625 3.4875 102.1262
11.1600 3.4875 102.3349
11.8575 3.4875 101.2258
12.5550 3.4875 100.3404
13.2525 3.4875 100.3502
13.9500 3.4875 100.4940
14.6475 3.4875 102.6502
15.3450 3.4875 104.8093
16.0425 3.4875 102.7991
16.7400 3.4875 100.1989
17.4375 3.4875 100.3903
18.1350 3.4875 101.7082
18.8325 3.4875 100.9629
19.5300 3.4875 98.6196
20.2275 3.4875 97.1662
20.9250 3.4875 96.6693
21.6225 3.4875 96.4501
22.3200 3.4875 98.7512
23.0175 3.4875 100.9251
23.7150 3.4875 92.6981
24.4125 3.4875 84.3542
25.1100 3.4875 86.9158
25.8075 3.4875 91.4802
26.5050 3.4875 97.4694
27.2025 3.4875 104.3356
27.9000 3.4875 106.6762
28.5975 3.4875 104.5997
29.2950 3.4875 104.4772
29.9925 3.4875 107.8525
30.6900 3.4875 110.4760
31.3875 3.4875 109.9462
32.0850 3.4875 109.3661
32.7825 3.4875 106.2098
33.4800 3.4875 103.0528
34.1775 3.4875 105.6489
34.8750 3.4875 109.2926
35.5725 3.4875 105.5324
36.2700 3.4875 98.2627
36.9675 3.4875 95.1943
37.6650 3.4875 95.9740
38.3625 3.4875 96.5829
39.0600 3.4875 96.9340
39.7575 3.4875 95.9588
40.4550 3.4875 90.1630
41.1525 3.4875 85.3032
41.8500 3.4875 94.9558
42.5475 3.4875 104.6093
43.2450 3.4875 103.5973
43.9425 3.4875 101.4602
44.6400 3.4875 103.1409
45.3375 3.4875 106.0676
46.0350 3.4875 106.3816
46.7325 3.4875 104.8787
47.4300 3.4875 102.6563
48.1275 3.4875 99.5983
48.8250 3.4875 97.4915
49.5225 3.4875 97.7338
50.2200 3.4875 97.4985
50.9175 3.4875 93.9075
51.6150 3.4875 90.3163
52.3125 3.4875 97.3756
53.0100 3.4875 104.8260
53.7075 3.4875 100.5405
54.4050 3.4875 93.4773
55.1025 3.4875 91.8478
55.8000 3.4875 93.1039
56.4975 3.4875 96.4829
57.1950 3.4875 101.8846
57.8925 3.4875 105.3244
58.5900 3.4875 105.2522
59.2875 3.4875 106.2078
59.9850 3.4875 111.3348
60.6825 3.4875 97.1570
61.3800 3.4875 99.9294
62.0775 3.4875 102.7018
62.7750 3.4875 98.6666
63.4725 3.4875 93.8028
64.1700 3.4875 92.3168
64.8675 3.4875 85.0209
65.5650 3.4875 86.6623
66.2625 3.4875 94.6760
66.9600 3.4875 108.8046
67.6575 3.4875 93.0643
68.3550 3.4875 79.0251
69.0525 3.4875 69.3967
69.7500 3.4875 100.0192
