0.000000,-3.487500,141.158722
0.697500,-3.487500,139.814362
1.395000,-3.487500,138.016907
2.092500,-3.487500,132.079834
2.790000,-3.487500,109.002197
3.487500,-3.487500,105.346718
4.185000,-3.487500,101.980858
4.882500,-3.487500,100.008812
5.580000,-3.487500,98.415680
6.277500,-3.487500,85.535210
6.975000,-3.487500,84.569229
7.672500,-3.487500,84.007408
8.370000,-3.487500,84.116417
9.067500,-3.487500,84.034081
9.764999,-3.487500,79.889114
10.462500,-3.487500,73.855797
11.160000,-3.487500,79.844803
11.857500,-3.487500,100.842346
12.555000,-3.487500,116.587921
13.252500,-3.487500,115.853630
13.950000,-3.487500,115.794510
14.647500,-3.487500,123.550064
15.344999,-3.487500,131.318420
16.042500,-3.487500,115.991570
16.740000,-3.487500,96.886864
17.437500,-3.487500,81.099121
18.135000,-3.487500,68.120514
18.832500,-3.487500,69.834816
19.529999,-3.487500,84.524704
20.227499,-3.487500,87.491714
20.924999,-3.487500,70.448563
21.622499,-3.487500,60.130005
22.320000,-3.487500,76.648773
23.017500,-3.487500,93.008301
23.715000,-3.487500,95.036545
24.412500,-3.487500,97.100922
25.110001,-3.487500,104.694839
25.807499,-3.487500,112.975281
26.504999,-3.487500,117.209167
27.202499,-3.487500,119.931122
27.900000,-3.487500,114.011261
28.597500,-3.487500,100.369438
29.295000,-3.487500,93.010498
29.992500,-3.487500,96.865448
30.689999,-3.487500,99.032547
31.387499,-3.487500,92.460220
32.084999,-3.487500,85.871208
32.782501,-3.487500,106.630730
33.480000,-3.487500,127.393593
34.177498,-3.487500,113.855270
34.875000,-3.487500,93.941154
35.572498,-3.487500,89.528061
36.270000,-3.487500,92.262321
36.967499,-3.487500,98.423523
37.665001,-3.487500,107.373299
38.362499,-3.487500,106.269798
39.059998,-3.487500,88.759293
39.757500,-3.487500,77.436653
40.454998,-3.487500,87.696899
41.152500,-3.487500,96.105530
41.849998,-3.487500,78.719894
42.547501,-3.487500,61.332417
43.244999,-3.487500,77.536743
43.942501,-3.487500,97.231842
44.639999,-3.487500,104.019066
45.337498,-3.487500,106.363449
46.035000,-3.487500,109.025375
46.732498,-3.487500,112.001724
47.430000,-3.487500,114.477997
48.127499,-3.487500,116.424019
48.825001,-3.487500,116.290421
49.522499,-3.487500,110.613907
50.220001,-3.487500,106.398842
50.917500,-3.487500,111.870560
51.614998,-3.487500,117.342682
52.312500,-3.487500,115.627556
53.009998,-3.487500,113.817924
53.707500,-3.487500,102.473206
54.404999,-3.487500,88.881516
55.102501,-3.487500,83.076973
55.799999,-3.487500,81.329437
56.497498,-3.487500,86.517303
57.195000,-3.487500,98.392456
57.892498,-3.487500,105.207977
58.590000,-3.487500,102.744843
59.287498,-3.487500,100.998398
59.985001,-3.487500,102.171494
60.682499,-3.487500,106.895699
61.379997,-3.487500,104.572273
62.077499,-3.487500,102.248756
62.774998,-3.487500,102.437073
63.472500,-3.487500,102.928589
64.169998,-3.487500,106.610519
64.867500,-3.487500,105.929672
65.565002,-3.487500,105.932884
66.262497,-3.487500,106.429810
66.959999,-3.487500,113.698380
67.657501,-3.487500,116.788719
68.354996,-3.487500,118.088776
69.052498,-3.487500,114.747475
69.750000,-3.487500,99.380768
0.000000,-2.790000,142.602158
0.697500,-2.790000,141.105865
1.395000,-2.790000,139.496475
2.092500,-2.790000,135.142044
2.790000,-2.790000,128.794312
3.487500,-2.790000,106.971153
4.185000,-2.790000,103.473778
4.882500,-2.790000,100.498528
5.580000,-2.790000,98.877563
6.277500,-2.790000,86.122391
6.975000,-2.790000,84.934486
7.672500,-2.790000,83.930878
8.370000,-2.790000,83.967140
9.067500,-2.790000,83.901062
9.764999,-2.790000,81.172043
10.462500,-2.790000,75.083870
11.160000,-2.790000,75.448738
11.857500,-2.790000,96.635132
12.555000,-2.790000,116.673874
13.252500,-2.790000,115.938782
13.950000,-2.790000,115.204102
14.647500,-2.790000,122.119957
15.344999,-2.790000,129.942825
16.042500,-2.790000,118.846939
16.740000,-2.790000,99.652939
17.437500,-2.790000,83.179474
18.135000,-2.790000,70.131172
18.832500,-2.790000,67.698296
19.529999,-2.790000,82.454437
20.227499,-2.790000,90.062309
20.924999,-2.790000,72.937454
21.622499,-2.790000,57.898087
22.320000,-2.790000,74.480652
23.017500,-2.790000,91.069687
23.715000,-2.790000,94.758286
24.412500,-2.790000,96.830582
25.110001,-2.790000,103.611015
25.807499,-2.790000,111.921410
26.504999,-2.790000,116.899963
27.202499,-2.790000,119.629433
27.900000,-2.790000,115.547142
28.597500,-2.790000,101.868362
29.295000,-2.790000,92.623955
29.992500,-2.790000,96.487267
30.689999,-2.790000,99.593460
31.387499,-2.790000,93.010834
32.084999,-2.790000,86.427559
32.782501,-2.790000,104.875679
33.480000,-2.790000,125.670685
34.177498,-2.790000,115.495605
34.875000,-2.790000,95.552223
35.572498,-2.790000,89.316742
36.270000,-2.790000,92.054558
36.967499,-2.790000,97.687096
37.665001,-2.790000,106.649994
38.362499,-2.790000,107.634048
39.059998,-2.790000,90.100388
39.757500,-2.790000,76.637360
40.454998,-2.790000,86.911148
41.152500,-2.790000,97.185707
41.849998,-2.790000,79.987160
42.547501,-2.790000,62.579540
43.244999,-2.790000,76.176178
43.942501,-2.790000,95.891800
44.639999,-2.790000,103.842896
45.337498,-2.790000,106.190163
46.035000,-2.790000,108.833504
46.732498,-2.790000,111.812576
47.430000,-2.790000,114.375359
48.127499,-2.790000,116.322464
48.825001,-2.790000,116.642639
49.522499,-2.790000,110.961349
50.220001,-2.790000,106.042900
50.917500,-2.790000,111.519669
51.614998,-2.790000,116.996658
52.312500,-2.790000,115.753952
53.009998,-2.790000,113.942429
53.707500,-2.790000,103.240997
54.404999,-2.790000,89.639801
55.102501,-2.790000,83.181763
55.799999,-2.790000,81.432884
56.497498,-2.790000,85.866516
57.195000,-2.790000,97.749496
57.892498,-2.790000,105.337402
58.590000,-2.790000,102.872757
59.287498,-2.790000,100.937408
59.985001,-2.790000,102.111206
60.682499,-2.790000,103.285027
61.379997,-2.790000,104.691017
62.077499,-2.790000,102.366180
62.774998,-2.790000,102.412956
63.472500,-2.790000,102.904732
64.169998,-2.790000,106.642723
64.867500,-2.790000,105.961563
65.565002,-2.790000,105.909943
66.262497,-2.790000,106.407089
66.959999,-2.790000,113.553474
67.657501,-2.790000,116.645340
68.354996,-2.790000,118.242256
69.052498,-2.790000,114.899384
69.750000,-2.790000,99.380768
0.000000,-2.092500,165.377274
0.697500,-2.092500,142.206940
1.395000,-2.092500,140.465973
2.092500,-2.092500,137.624573
2.790000,-2.092500,131.057343
3.487500,-2.092500,108.289268
4.185000,-2.092500,104.676308
4.882500,-2.092500,101.033203
5.580000,-2.092500,99.241272
6.277500,-2.092500,97.595192
6.975000,-2.092500,85.226189
7.672500,-2.092500,84.201492
8.370000,-2.092500,83.845009
9.067500,-2.092500,83.792870
9.764999,-2.092500,82.178085
10.462500,-2.092500,76.046272
11.160000,-2.092500,71.999939
11.857500,-2.092500,93.337013
12.555000,-2.092500,114.691109
13.252500,-2.092500,116.004639
13.950000,-2.092500,115.269295
14.647500,-2.092500,121.000336
15.344999,-2.092500,128.866394
16.042500,-2.092500,121.077278
16.740000,-2.092500,101.812881
17.437500,-2.092500,84.805580
18.135000,-2.092500,71.702271
18.832500,-2.092500,66.029449
19.529999,-2.092500,80.837784
20.227499,-2.092500,92.070541
20.924999,-2.092500,74.881325
21.622499,-2.092500,57.686783
22.320000,-2.092500,72.788696
23.017500,-2.092500,89.425072
23.715000,-2.092500,94.541107
24.412500,-2.092500,96.619614
25.110001,-2.092500,102.765259
25.807499,-2.092500,111.099159
26.504999,-2.092500,116.658836
27.202499,-2.092500,119.394218
27.900000,-2.092500,116.744659
28.597500,-2.092500,103.036919
29.295000,-2.092500,92.322708
29.992500,-2.092500,96.192566
30.689999,-2.092500,100.030281
31.387499,-2.092500,93.439674
32.084999,-2.092500,86.848709
32.782501,-2.092500,103.508835
33.480000,-2.092500,124.328873
34.177498,-2.092500,116.773087
34.875000,-2.092500,96.806854
35.572498,-2.092500,89.152206
36.270000,-2.092500,91.892769
36.967499,-2.092500,97.113533
37.665001,-2.092500,106.086723
38.362499,-2.092500,108.696419
39.059998,-2.092500,91.144730
39.757500,-2.092500,76.014954
40.454998,-2.092500,86.299271
41.152500,-2.092500,96.584068
41.849998,-2.092500,80.973915
42.547501,-2.092500,63.550598
43.244999,-2.092500,75.116905
43.942501,-2.092500,94.848511
44.639999,-2.092500,103.705742
45.337498,-2.092500,106.055229
46.035000,-2.092500,108.684166
46.732498,-2.092500,111.665314
47.430000,-2.092500,114.295456
48.127499,-2.092500,116.243462
48.825001,-2.092500,116.916809
49.522499,-2.092500,111.231827
50.220001,-2.092500,105.765823
50.917500,-2.092500,111.246490
51.614998,-2.092500,116.727325
52.312500,-2.092500,115.852333
53.009998,-2.092500,114.039398
53.707500,-2.092500,103.838593
54.404999,-2.092500,90.229996
55.102501,-2.092500,83.263344
55.799999,-2.092500,81.513382
56.497498,-2.092500,85.360077
57.195000,-2.092500,97.249138
57.892498,-2.092500,105.438110
58.590000,-2.092500,102.972313
59.287498,-2.092500,100.889954
59.985001,-2.092500,102.064293
60.682499,-2.092500,103.238647
61.379997,-2.092500,104.783417
62.077499,-2.092500,102.457550
62.774998,-2.092500,102.394173
63.472500,-2.092500,102.886169
64.169998,-2.092500,106.667793
64.867500,-2.092500,105.986374
65.565002,-2.092500,105.892082
66.262497,-2.092500,106.389420
66.959999,-2.092500,113.440727
67.657501,-2.092500,116.533745
68.354996,-2.092500,118.361664
69.052498,-2.092500,115.017578
69.750000,-2.092500,99.380768
0.000000,-1.395000,166.225754
0.697500,-1.395000,143.060242
1.395000,-1.395000,141.202942
2.092500,-1.395000,139.360474
2.790000,-1.395000,132.719177
3.487500,-1.395000,125.953308
4.185000,-1.395000,105.559959
4.882500,-1.395000,101.841064
5.580000,-1.395000,99.503456
6.277500,-1.395000,97.842827
6.975000,-1.395000,85.438965
7.672500,-1.395000,84.398254
8.370000,-1.395000,83.754295
9.067500,-1.395000,83.712875
9.764999,-1.395000,82.901192
10.462500,-1.395000,76.737656
11.160000,-1.395000,70.571991
11.857500,-1.395000,90.966995
12.555000,-1.395000,112.421494
13.252500,-1.395000,116.051468
13.950000,-1.395000,115.315704
14.647500,-1.395000,120.196625
15.344999,-1.395000,128.093994
16.042500,-1.395000,122.675491
16.740000,-1.395000,103.360397
17.437500,-1.395000,85.971474
18.135000,-1.395000,72.828415
18.832500,-1.395000,64.833549
19.529999,-1.395000,79.679550
20.227499,-1.395000,93.509842
20.924999,-1.395000,76.274139
21.622499,-1.395000,59.036083
22.320000,-1.395000,71.577118
23.017500,-1.395000,88.247551
23.715000,-1.395000,94.385559
24.412500,-1.395000,96.468552
25.110001,-1.395000,102.159653
25.807499,-1.395000,110.510506
26.504999,-1.395000,116.486282
27.202499,-1.395000,119.225899
27.900000,-1.395000,117.601662
28.597500,-1.395000,103.873077
29.295000,-1.395000,92.107208
29.992500,-1.395000,95.981773
30.689999,-1.395000,99.856506
31.387499,-1.395000,93.746315
32.084999,-1.395000,87.149750
32.782501,-1.395000,102.531464
33.480000,-1.395000,123.369522
34.177498,-1.395000,117.686539
34.875000,-1.395000,97.703873
35.572498,-1.395000,89.034576
36.270000,-1.395000,91.777107
36.967499,-1.395000,96.703484
37.665001,-1.395000,105.683983
38.362499,-1.395000,109.455910
39.059998,-1.395000,91.891350
39.757500,-1.395000,75.570015
40.454998,-1.395000,85.861870
41.152500,-1.395000,96.153923
41.849998,-1.395000,81.679321
42.547501,-1.395000,64.244682
43.244999,-1.395000,74.359749
43.942501,-1.395000,94.102829
44.639999,-1.395000,103.607719
45.337498,-1.395000,105.958794
46.035000,-1.395000,108.577423
46.732498,-1.395000,111.560059
47.430000,-1.395000,114.238380
48.127499,-1.395000,116.186996
48.825001,-1.395000,117.112778
49.522499,-1.395000,111.425117
50.220001,-1.395000,105.737396
50.917500,-1.395000,111.051270
51.614998,-1.395000,116.534805
52.312500,-1.395000,115.922653
53.009998,-1.395000,114.108681
53.707500,-1.395000,104.265617
54.404999,-1.395000,90.651703
55.102501,-1.395000,83.321625
55.799999,-1.395000,81.570915
56.497498,-1.395000,84.998138
57.195000,-1.395000,96.891541
57.892498,-1.395000,105.510078
58.590000,-1.395000,103.043449
59.287498,-1.395000,100.856049
59.985001,-1.395000,102.030769
60.682499,-1.395000,103.205498
61.379997,-1.395000,104.849449
62.077499,-1.395000,102.522827
62.774998,-1.395000,102.380768
63.472500,-1.395000,102.872894
64.169998,-1.395000,106.685715
64.867500,-1.395000,106.004105
65.565002,-1.395000,105.879326
66.262497,-1.395000,106.376785
66.959999,-1.395000,113.360168
67.657501,-1.395000,116.454033
68.354996,-1.395000,118.446968
69.052498,-1.395000,115.102043
69.750000,-1.395000,99.380768
0.000000,-0.697500,166.757309
0.697500,-0.697500,143.616486
1.395000,-0.697500,141.665985
2.092500,-0.697500,139.718582
2.790000,-0.697500,133.735794
3.487500,-0.697500,126.879219
4.185000,-0.697500,106.100853
4.882500,-0.697500,102.333778
5.580000,-0.697500,99.661720
6.277500,-0.697500,97.992249
6.975000,-0.697500,85.568497
7.672500,-0.697500,84.517761
8.370000,-0.697500,83.698402
9.067500,-0.697500,83.663734
9.764999,-0.697500,83.336868
10.462500,-0.697500,77.154083
11.160000,-0.697500,70.970764
11.857500,-0.697500,89.539261
12.555000,-0.697500,111.054688
13.252500,-0.697500,116.079468
13.950000,-0.697500,115.343491
14.647500,-0.697500,119.712776
15.344999,-0.697500,127.629105
16.042500,-0.697500,123.636475
16.740000,-0.697500,104.290771
17.437500,-0.697500,86.672760
18.135000,-0.697500,73.505676
18.832500,-0.697500,64.114433
19.529999,-0.697500,78.983192
20.227499,-0.697500,93.852371
20.924999,-0.697500,77.111649
21.622499,-0.697500,59.847282
22.320000,-0.697500,70.848961
23.017500,-0.697500,87.539948
23.715000,-0.697500,94.292076
24.412500,-0.697500,96.377769
25.110001,-0.697500,101.795708
25.807499,-0.697500,110.156738
26.504999,-0.697500,116.382622
27.202499,-0.697500,119.124786
27.900000,-0.697500,118.116501
28.597500,-0.697500,104.375374
29.295000,-0.697500,91.977776
29.992500,-0.697500,95.855164
30.689999,-0.697500,99.732613
31.387499,-0.697500,93.930412
32.084999,-0.697500,87.330528
32.782501,-0.697500,101.944595
33.480000,-0.697500,122.793457
34.177498,-0.697500,118.234940
34.875000,-0.697500,98.242493
35.572498,-0.697500,88.963943
36.270000,-0.697500,91.707680
36.967499,-0.697500,96.457275
37.665001,-0.697500,105.442207
38.362499,-0.697500,109.911858
39.059998,-0.697500,92.339523
39.757500,-0.697500,75.302849
40.454998,-0.697500,85.599274
41.152500,-0.697500,95.895721
41.849998,-0.697500,82.102707
42.547501,-0.697500,64.661415
43.244999,-0.697500,73.905289
43.942501,-0.697500,93.655212
44.639999,-0.697500,103.548843
45.337498,-0.697500,105.900887
46.035000,-0.697500,108.513329
46.732498,-0.697500,111.496887
47.430000,-0.697500,114.204109
48.127499,-0.697500,116.153130
48.825001,-0.697500,117.230370
49.522499,-0.697500,111.541115
50.220001,-0.697500,105.851852
50.917500,-0.697500,110.934090
51.614998,-0.697500,116.419273
52.312500,-0.697500,115.964851
53.009998,-0.697500,114.150253
53.707500,-0.697500,104.521896
54.404999,-0.697500,90.904816
55.102501,-0.697500,83.356613
55.799999,-0.697500,81.605431
56.497498,-0.697500,84.780930
57.195000,-0.697500,96.676933
57.892498,-0.697500,105.553268
58.590000,-0.697500,103.086151
59.287498,-0.697500,100.835693
59.985001,-0.697500,102.010651
60.682499,-0.697500,103.185608
61.379997,-0.697500,104.889076
62.077499,-0.697500,102.562012
62.774998,-0.697500,102.372711
63.472500,-0.697500,102.864929
64.169998,-0.697500,106.696457
64.867500,-0.697500,106.014740
65.565002,-0.697500,105.871674
66.262497,-0.697500,106.369217
66.959999,-0.697500,113.311836
67.657501,-0.697500,116.406166
68.354996,-0.697500,118.498169
69.052498,-0.697500,115.152725
69.750000,-0.697500,99.380768
0.000000,-0.000000,166.938629
0.697500,-0.000000,164.585052
1.395000,-0.000000,141.824203
2.092500,-0.000000,139.855072
2.790000,-0.000000,134.078064
3.487500,-0.000000,127.190414
4.185000,-0.000000,106.283043
4.882500,-0.000000,102.499413
5.580000,-0.000000,99.714638
6.277500,-0.000000,98.042198
6.975000,-0.000000,85.612000
7.672500,-0.000000,84.557861
8.370000,-0.000000,83.679512
9.067500,-0.000000,83.647156
9.764999,-0.000000,83.482407
10.462500,-0.000000,77.293167
11.160000,-0.000000,71.103928
11.857500,-0.000000,89.062386
12.555000,-0.000000,110.598282
13.252500,-0.000000,116.088791
13.950000,-0.000000,115.352730
14.647500,-0.000000,119.551224
15.344999,-0.000000,127.473907
16.042500,-0.000000,123.957176
16.740000,-0.000000,104.601227
17.437500,-0.000000,86.906792
18.135000,-0.000000,73.731697
18.832500,-0.000000,63.874516
19.529999,-0.000000,78.750793
20.227499,-0.000000,93.627121
20.924999,-0.000000,77.391098
21.622499,-0.000000,60.117958
22.320000,-0.000000,70.606026
23.017500,-0.000000,87.303871
23.715000,-0.000000,94.260895
24.412500,-0.000000,96.347481
25.110001,-0.000000,101.674278
25.807499,-0.000000,110.038712
26.504999,-0.000000,116.348045
27.202499,-0.000000,119.091057
27.900000,-0.000000,118.288208
28.597500,-0.000000,104.542908
29.295000,-0.000000,91.934608
29.992500,-0.000000,95.812958
30.689999,-0.000000,99.691284
31.387499,-0.000000,93.991760
32.084999,-0.000000,87.390816
32.782501,-0.000000,101.748947
33.480000,-0.000000,122.601364
34.177498,-0.000000,118.417877
34.875000,-0.000000,98.422043
35.572498,-0.000000,88.940399
36.270000,-0.000000,91.684525
36.967499,-0.000000,96.375160
37.665001,-0.000000,105.361595
38.362499,-0.000000,110.063934
39.059998,-0.000000,92.489044
39.757500,-0.000000,75.213776
40.454998,-0.000000,85.511681
41.152500,-0.000000,95.809639
41.849998,-0.000000,82.243927
42.547501,-0.000000,64.800278
43.244999,-0.000000,73.753700
43.942501,-0.000000,93.505981
44.639999,-0.000000,103.529228
45.337498,-0.000000,105.881577
46.035000,-0.000000,108.491982
46.732498,-0.000000,111.475830
47.430000,-0.000000,114.192680
48.127499,-0.000000,116.141823
48.825001,-0.000000,117.269577
49.522499,-0.000000,111.579796
50.220001,-0.000000,105.889984
50.917500,-0.000000,110.895035
51.614998,-0.000000,116.380737
52.312500,-0.000000,115.978943
53.009998,-0.000000,114.164116
53.707500,-0.000000,104.607330
54.404999,-0.000000,90.989235
55.102501,-0.000000,83.368271
55.799999,-0.000000,81.616951
56.497498,-0.000000,84.708488
57.195000,-0.000000,96.605400
57.892498,-0.000000,105.567673
58.590000,-0.000000,103.100372
59.287498,-0.000000,100.828911
59.985001,-0.000000,102.003952
60.682499,-0.000000,103.178978
61.379997,-0.000000,104.902283
62.077499,-0.000000,102.575073
62.774998,-0.000000,102.370033
63.472500,-0.000000,102.862282
64.169998,-0.000000,106.700043
64.867500,-0.000000,106.018280
65.565002,-0.000000,105.869125
66.262497,-0.000000,106.366684
66.959999,-0.000000,113.295723
67.657501,-0.000000,116.390228
68.354996,-0.000000,118.515259
69.052498,-0.000000,115.169632
69.750000,-0.000000,99.380768
0.000000,0.697500,166.757309
0.697500,0.697500,143.616486
1.395000,0.697500,141.665985
2.092500,0.697500,139.718582
2.790000,0.697500,133.735794
3.487500,0.697500,126.879219
4.185000,0.697500,106.100853
4.882500,0.697500,102.333778
5.580000,0.697500,99.661720
6.277500,0.697500,97.992249
6.975000,0.697500,85.568497
7.672500,0.697500,84.517761
8.370000,0.697500,83.698402
9.067500,0.697500,83.663734
9.764999,0.697500,83.336868
10.462500,0.697500,77.154083
11.160000,0.697500,70.970764
11.857500,0.697500,89.539261
12.555000,0.697500,111.054688
13.252500,0.697500,116.079468
13.950000,0.697500,115.343491
14.647500,0.697500,119.712776
15.344999,0.697500,127.629105
16.042500,0.697500,123.636475
16.740000,0.697500,104.290771
17.437500,0.697500,86.672760
18.135000,0.697500,73.505676
18.832500,0.697500,64.114433
19.529999,0.697500,78.983192
20.227499,0.697500,93.852371
20.924999,0.697500,77.111649
21.622499,0.697500,59.847282
22.320000,0.697500,70.848961
23.017500,0.697500,87.539948
23.715000,0.697500,94.292076
24.412500,0.697500,96.377769
25.110001,0.697500,101.795708
25.807499,0.697500,110.156738
26.504999,0.697500,116.382622
27.202499,0.697500,119.124786
27.900000,0.697500,118.116501
28.597500,0.697500,104.375374
29.295000,0.697500,91.977776
29.992500,0.697500,95.855164
30.689999,0.697500,99.732613
31.387499,0.697500,93.930412
32.084999,0.697500,87.330528
32.782501,0.697500,101.944595
33.480000,0.697500,122.793457
34.177498,0.697500,118.234955
34.875000,0.697500,98.242493
35.572498,0.697500,88.963943
36.270000,0.697500,91.707680
36.967499,0.697500,96.457275
37.665001,0.697500,105.442207
38.362499,0.697500,109.911858
39.059998,0.697500,92.339554
39.757500,0.697500,75.302849
40.454998,0.697500,85.599274
41.152500,0.697500,95.895721
41.849998,0.697500,82.102707
42.547501,0.697500,64.661415
43.244999,0.697500,73.905289
43.942501,0.697500,93.655212
44.639999,0.697500,103.548843
45.337498,0.697500,105.900887
46.035000,0.697500,108.513329
46.732498,0.697500,111.496887
47.430000,0.697500,114.204109
48.127499,0.697500,116.153130
48.825001,0.697500,117.230370
49.522499,0.697500,111.541115
50.220001,0.697500,105.851852
50.917500,0.697500,110.934090
51.614998,0.697500,116.419273
52.312500,0.697500,115.964851
53.009998,0.697500,114.150253
53.707500,0.697500,104.521896
54.404999,0.697500,90.904816
55.102501,0.697500,83.356613
55.799999,0.697500,81.605431
56.497498,0.697500,84.780930
57.195000,0.697500,96.676933
57.892498,0.697500,105.553268
58.590000,0.697500,103.086151
59.287498,0.697500,100.835693
59.985001,0.697500,102.010651
60.682499,0.697500,103.185608
61.379997,0.697500,104.889076
62.077499,0.697500,102.562012
62.774998,0.697500,102.372711
63.472500,0.697500,102.864929
64.169998,0.697500,106.696457
64.867500,0.697500,106.014740
65.565002,0.697500,105.871674
66.262497,0.697500,106.369217
66.959999,0.697500,113.311836
67.657501,0.697500,116.406166
68.354996,0.697500,118.498169
69.052498,0.697500,115.152725
69.750000,0.697500,99.380768
0.000000,1.395000,166.225754
0.697500,1.395000,143.060242
1.395000,1.395000,141.202942
2.092500,1.395000,139.360474
2.790000,1.395000,132.719177
3.487500,1.395000,125.953308
4.185000,1.395000,105.559959
4.882500,1.395000,101.841064
5.580000,1.395000,99.503456
6.277500,1.395000,97.842827
6.975000,1.395000,85.438965
7.672500,1.395000,84.398254
8.370000,1.395000,83.754295
9.067500,1.395000,83.712875
9.764999,1.395000,82.901192
10.462500,1.395000,76.737656
11.160000,1.395000,70.571991
11.857500,1.395000,90.966995
12.555000,1.395000,112.421494
13.252500,1.395000,116.051468
13.950000,1.395000,115.315704
14.647500,1.395000,120.196609
15.344999,1.395000,128.093994
16.042500,1.395000,122.675491
16.740000,1.395000,103.360397
17.437500,1.395000,85.971474
18.135000,1.395000,72.828415
18.832500,1.395000,64.833549
19.529999,1.395000,79.679550
20.227499,1.395000,93.509842
20.924999,1.395000,76.274139
21.622499,1.395000,59.036083
22.320000,1.395000,71.577118
23.017500,1.395000,88.247551
23.715000,1.395000,94.385559
24.412500,1.395000,96.468552
25.110001,1.395000,102.159653
25.807499,1.395000,110.510506
26.504999,1.395000,116.486282
27.202499,1.395000,119.225899
27.900000,1.395000,117.601662
28.597500,1.395000,103.873077
29.295000,1.395000,92.107208
29.992500,1.395000,95.981773
30.689999,1.395000,99.856506
31.387499,1.395000,93.746315
32.084999,1.395000,87.149750
32.782501,1.395000,102.531464
33.480000,1.395000,123.369522
34.177498,1.395000,117.686539
34.875000,1.395000,97.703873
35.572498,1.395000,89.034576
36.270000,1.395000,91.777107
36.967499,1.395000,96.703484
37.665001,1.395000,105.683983
38.362499,1.395000,109.455910
39.059998,1.395000,91.891350
39.757500,1.395000,75.570015
40.454998,1.395000,85.861870
41.152500,1.395000,96.153923
41.849998,1.395000,81.679321
42.547501,1.395000,64.244682
43.244999,1.395000,74.359749
43.942501,1.395000,94.102829
44.639999,1.395000,103.607719
45.337498,1.395000,105.958794
46.035000,1.395000,108.577423
46.732498,1.395000,111.560059
47.430000,1.395000,114.238380
48.127499,1.395000,116.186996
48.825001,1.395000,117.112778
49.522499,1.395000,111.425117
50.220001,1.395000,105.737396
50.917500,1.395000,111.051270
51.614998,1.395000,116.534805
52.312500,1.395000,115.922653
53.009998,1.395000,114.108681
53.707500,1.395000,104.265617
54.404999,1.395000,90.651703
55.102501,1.395000,83.321625
55.799999,1.395000,81.570915
56.497498,1.395000,84.998138
57.195000,1.395000,96.891541
57.892498,1.395000,105.510078
58.590000,1.395000,103.043449
59.287498,1.395000,100.856049
59.985001,1.395000,102.030769
60.682499,1.395000,103.205498
61.379997,1.395000,104.849449
62.077499,1.395000,102.522827
62.774998,1.395000,102.380768
63.472500,1.395000,102.872894
64.169998,1.395000,106.685715
64.867500,1.395000,106.004105
65.565002,1.395000,105.879326
66.262497,1.395000,106.376785
66.959999,1.395000,113.360168
67.657501,1.395000,116.454033
68.354996,1.395000,118.446968
69.052498,1.395000,115.102043
69.750000,1.395000,99.380768
0.000000,2.092500,165.377274
0.697500,2.092500,142.206940
1.395000,2.092500,140.465973
2.092500,2.092500,137.624573
2.790000,2.092500,131.057343
3.487500,2.092500,108.289268
4.185000,2.092500,104.676308
4.882500,2.092500,101.033203
5.580000,2.092500,99.241272
6.277500,2.092500,97.595192
6.975000,2.092500,85.226189
7.672500,2.092500,84.201492
8.370000,2.092500,83.845009
9.067500,2.092500,83.792862
9.764999,2.092500,82.178085
10.462500,2.092500,76.046272
11.160000,2.092500,71.999939
11.857500,2.092500,93.337013
12.555000,2.092500,114.691109
13.252500,2.092500,116.004639
13.950000,2.092500,115.269295
14.647500,2.092500,121.000336
15.344999,2.092500,128.866394
16.042500,2.092500,121.077278
16.740000,2.092500,101.812881
17.437500,2.092500,84.805580
18.135000,2.092500,71.702271
18.832500,2.092500,66.029449
19.529999,2.092500,80.837784
20.227499,2.092500,92.070580
20.924999,2.092500,74.881325
21.622499,2.092500,57.686783
22.320000,2.092500,72.788696
23.017500,2.092500,89.425072
23.715000,2.092500,94.541107
24.412500,2.092500,96.619614
25.110001,2.092500,102.765259
25.807499,2.092500,111.099159
26.504999,2.092500,116.658836
27.202499,2.092500,119.394218
27.900000,2.092500,116.744659
28.597500,2.092500,103.036919
29.295000,2.092500,92.322708
29.992500,2.092500,96.192566
30.689999,2.092500,100.030281
31.387499,2.092500,93.439674
32.084999,2.092500,86.848709
32.782501,2.092500,103.508835
33.480000,2.092500,124.328873
34.177498,2.092500,116.773087
34.875000,2.092500,96.806854
35.572498,2.092500,89.152206
36.270000,2.092500,91.892769
36.967499,2.092500,97.113533
37.665001,2.092500,106.086723
38.362499,2.092500,108.696419
39.059998,2.092500,91.144730
39.757500,2.092500,76.014954
40.454998,2.092500,86.299271
41.152500,2.092500,96.584068
41.849998,2.092500,80.973915
42.547501,2.092500,63.550598
43.244999,2.092500,75.116905
43.942501,2.092500,94.848511
44.639999,2.092500,103.705742
45.337498,2.092500,106.055229
46.035000,2.092500,108.684166
46.732498,2.092500,111.665314
47.430000,2.092500,114.295456
48.127499,2.092500,116.243462
48.825001,2.092500,116.916809
49.522499,2.092500,111.231827
50.220001,2.092500,105.765823
50.917500,2.092500,111.246490
51.614998,2.092500,116.727325
52.312500,2.092500,115.852333
53.009998,2.092500,114.039398
53.707500,2.092500,103.838593
54.404999,2.092500,90.229996
55.102501,2.092500,83.263344
55.799999,2.092500,81.513382
56.497498,2.092500,85.360077
57.195000,2.092500,97.249138
57.892498,2.092500,105.438110
58.590000,2.092500,102.972313
59.287498,2.092500,100.889954
59.985001,2.092500,102.064293
60.682499,2.092500,103.238647
61.379997,2.092500,104.783417
62.077499,2.092500,102.457550
62.774998,2.092500,102.394173
63.472500,2.092500,102.886169
64.169998,2.092500,106.667793
64.867500,2.092500,105.986374
65.565002,2.092500,105.892082
66.262497,2.092500,106.389420
66.959999,2.092500,113.440727
67.657501,2.092500,116.533745
68.354996,2.092500,118.361664
69.052498,2.092500,115.017578
69.750000,2.092500,99.380768
0.000000,2.790000,142.602158
0.697500,2.790000,141.105865
1.395000,2.790000,139.496475
2.092500,2.790000,135.142044
2.790000,2.790000,128.794312
3.487500,2.790000,106.971153
4.185000,2.790000,103.473778
4.882500,2.790000,100.498528
5.580000,2.790000,98.877563
6.277500,2.790000,86.122391
6.975000,2.790000,84.934486
7.672500,2.790000,83.930878
8.370000,2.790000,83.967140
9.067500,2.790000,83.901062
9.764999,2.790000,81.172043
10.462500,2.790000,75.083870
11.160000,2.790000,75.448738
11.857500,2.790000,96.635132
12.555000,2.790000,116.673874
13.252500,2.790000,115.938782
13.950000,2.790000,115.204102
14.647500,2.790000,122.119957
15.344999,2.790000,129.942825
16.042500,2.790000,118.846939
16.740000,2.790000,99.652939
17.437500,2.790000,83.179474
18.135000,2.790000,70.131172
18.832500,2.790000,67.698296
19.529999,2.790000,82.454437
20.227499,2.790000,90.062309
20.924999,2.790000,72.937454
21.622499,2.790000,57.898087
22.320000,2.790000,74.480652
23.017500,2.790000,91.069687
23.715000,2.790000,94.758286
24.412500,2.790000,96.830582
25.110001,2.790000,103.611015
25.807499,2.790000,111.921410
26.504999,2.790000,116.899963
27.202499,2.790000,119.629433
27.900000,2.790000,115.547142
28.597500,2.790000,101.868362
29.295000,2.790000,92.623955
29.992500,2.790000,96.487267
30.689999,2.790000,99.593460
31.387499,2.790000,93.010834
32.084999,2.790000,86.427559
32.782501,2.790000,104.875679
33.480000,2.790000,125.670685
34.177498,2.790000,115.495605
34.875000,2.790000,95.552223
35.572498,2.790000,89.316742
36.270000,2.790000,92.054558
36.967499,2.790000,97.687096
37.665001,2.790000,106.649994
38.362499,2.790000,107.634048
39.059998,2.790000,90.100388
39.757500,2.790000,76.637360
40.454998,2.790000,86.911148
41.152500,2.790000,97.185707
41.849998,2.790000,79.987160
42.547501,2.790000,62.579540
43.244999,2.790000,76.176178
43.942501,2.790000,95.891800
44.639999,2.790000,103.842896
45.337498,2.790000,106.190163
46.035000,2.790000,108.833504
46.732498,2.790000,111.812576
47.430000,2.790000,114.375359
48.127499,2.790000,116.322464
48.825001,2.790000,116.642639
49.522499,2.790000,110.961349
50.220001,2.790000,106.042900
50.917500,2.790000,111.519669
51.614998,2.790000,116.996658
52.312500,2.790000,115.753952
53.009998,2.790000,113.942429
53.707500,2.790000,103.240997
54.404999,2.790000,89.639801
55.102501,2.790000,83.181763
55.799999,2.790000,81.432884
56.497498,2.790000,85.866516
57.195000,2.790000,97.749496
57.892498,2.790000,105.337402
58.590000,2.790000,102.872757
59.287498,2.790000,100.937408
59.985001,2.790000,102.111206
60.682499,2.790000,103.285027
61.379997,2.790000,104.691017
62.077499,2.790000,102.366180
62.774998,2.790000,102.412956
63.472500,2.790000,102.904732
64.169998,2.790000,106.642723
64.867500,2.790000,105.961563
65.565002,2.790000,105.909943
66.262497,2.790000,106.407089
66.959999,2.790000,113.553474
67.657501,2.790000,116.645340
68.354996,2.790000,118.242256
69.052498,2.790000,114.899384
69.750000,2.790000,99.380768
0.000000,3.487500,141.158722
0.697500,3.487500,139.814362
1.395000,3.487500,138.016907
2.092500,3.487500,132.079834
2.790000,3.487500,109.002197
3.487500,3.487500,105.346718
4.185000,3.487500,101.980858
4.882500,3.487500,100.008812
5.580000,3.487500,98.415680
6.277500,3.487500,85.535210
6.975000,3.487500,84.569229
7.672500,3.487500,84.007408
8.370000,3.487500,84.116417
9.067500,3.487500,84.034081
9.764999,3.487500,79.889114
10.462500,3.487500,73.855797
11.160000,3.487500,79.844803
11.857500,3.487500,100.842346
12.555000,3.487500,116.587921
13.252500,3.487500,115.853630
13.950000,3.487500,115.794510
14.647500,3.487500,123.550064
15.344999,3.487500,131.318420
16.042500,3.487500,115.991570
16.740000,3.487500,96.886864
17.437500,3.487500,81.099121
18.135000,3.487500,68.120514
18.832500,3.487500,69.834816
19.529999,3.487500,84.524704
20.227499,3.487500,87.491714
20.924999,3.487500,70.448563
21.622499,3.487500,60.130013
22.320000,3.487500,76.648773
23.017500,3.487500,93.008301
23.715000,3.487500,95.036545
24.412500,3.487500,97.100922
25.110001,3.487500,104.694839
25.807499,3.487500,112.975281
26.504999,3.487500,117.209167
27.202499,3.487500,119.931122
27.900000,3.487500,114.011261
28.597500,3.487500,100.369438
29.295000,3.487500,93.010498
29.992500,3.487500,96.865448
30.689999,3.487500,99.032547
31.387499,3.487500,92.460220
32.084999,3.487500,85.871208
32.782501,3.487500,106.630730
33.480000,3.487500,127.393593
34.177498,3.487500,113.855270
34.875000,3.487500,93.941154
35.572498,3.487500,89.528061
36.270000,3.487500,92.262321
36.967499,3.487500,98.423523
37.665001,3.487500,107.373299
38.362499,3.487500,106.269798
39.059998,3.487500,88.759293
39.757500,3.487500,77.436653
40.454998,3.487500,87.696899
41.152500,3.487500,96.105530
41.849998,3.487500,78.719894
42.547501,3.487500,61.332417
43.244999,3.487500,77.536743
43.942501,3.487500,97.231842
44.639999,3.487500,104.019066
45.337498,3.487500,106.363449
46.035000,3.487500,109.025375
46.732498,3.487500,112.001724
47.430000,3.487500,114.477997
48.127499,3.487500,116.424019
48.825001,3.487500,116.290421
49.522499,3.487500,110.613907
50.220001,3.487500,106.398842
50.917500,3.487500,111.870560
51.614998,3.487500,117.342682
52.312500,3.487500,115.627556
53.009998,3.487500,113.817924
53.707500,3.487500,102.473206
54.404999,3.487500,88.881516
55.102501,3.487500,83.076973
55.799999,3.487500,81.329437
56.497498,3.487500,86.517303
57.195000,3.487500,98.392456
57.892498,3.487500,105.207977
58.590000,3.487500,102.744843
59.287498,3.487500,100.998398
59.985001,3.487500,102.171494
60.682499,3.487500,106.895699
61.379997,3.487500,104.572273
62.077499,3.487500,102.248756
62.774998,3.487500,102.437073
63.472500,3.487500,102.928589
64.169998,3.487500,106.610519
64.867500,3.487500,105.929672
65.565002,3.487500,105.932884
66.262497,3.487500,106.429810
66.959999,3.487500,113.698380
67.657501,3.487500,116.788719
68.354996,3.487500,118.088776
69.052498,3.487500,114.747475
69.750000,3.487500,99.380768
