X ,Y ,Z ,AO ,Res ,A ,B ,M ,N 
   74.5000,    0.0000,   -1.1250,    2.2500, 39.610237,     3, 10000,     2,     1,
   73.0000,    0.0000,   -1.1250,    2.2500, 32.252522,     4, 10000,     3,     2,
   71.5000,    0.0000,   -1.1250,    2.2500, 13.268407,     5, 10000,     4,     3,
   73.0000,    0.0000,   -2.2500,    4.5000,  6.146011,     5, 10000,     3,     1,
   70.0000,    0.0000,   -1.1250,    2.2500, 42.021843,     6, 10000,     5,     4,
   71.5000,    0.0000,   -2.2500,    4.5000, 13.196404,     6, 10000,     4,     2,
   68.5000,    0.0000,   -1.1250,    2.2500, 45.787533,     7, 10000,     6,     5,
   70.0000,    0.0000,   -2.2500,    4.5000, 22.270603,     7, 10000,     5,     3,
   71.5000,    0.0000,   -3.3750,    6.7500, 16.580778,     7, 10000,     4,     1,
   67.0000,    0.0000,   -1.1250,    2.2500, 20.732002,     8, 10000,     7,     6,
   68.5000,    0.0000,   -2.2500,    4.5000, 10.721749,     8, 10000,     6,     4,
   70.0000,    0.0000,   -3.3750,    6.7500,  9.074526,     8, 10000,     5,     2,
   65.5000,    0.0000,   -1.1250,    2.2500, 72.873291,     9, 10000,     8,     7,
   67.0000,    0.0000,   -2.2500,    4.5000, 19.856245,     9, 10000,     7,     5,
   68.5000,    0.0000,   -3.3750,    6.7500, 14.416151,     9, 10000,     6,     3,
   70.0000,    0.0000,   -4.5000,    9.0000, 14.104332,     9, 10000,     5,     1,
   64.0000,    0.0000,   -1.1250,    2.2500, 91.723969,    10, 10000,     9,     8,
   65.5000,    0.0000,   -2.2500,    4.5000, 29.538889,    10, 10000,     8,     6,
   67.0000,    0.0000,   -3.3750,    6.7500, 15.386762,    10, 10000,     7,     4,
   68.5000,    0.0000,   -4.5000,    9.0000, 13.534445,    10, 10000,     6,     2,
   62.5000,    0.0000,   -1.1250,    2.2500, 68.488510,    11, 10000,    10,     9,
   64.0000,    0.0000,   -2.2500,    4.5000, 38.778522,    11, 10000,     9,     7,
   65.5000,    0.0000,   -3.3750,    6.7500,  9.816512,    11, 10000,     8,     5,
   67.0000,    0.0000,   -4.5000,    9.0000, 11.466117,    11, 10000,     7,     3,
   68.5000,    0.0000,   -5.6250,   11.2500, 11.997667,    11, 10000,     6,     1,
   61.0000,    0.0000,   -1.1250,    2.2500, 32.390430,    12, 10000,    11,    10,
   62.5000,    0.0000,   -2.2500,    4.5000, 16.225756,    12, 10000,    10,     8,
   64.0000,    0.0000,   -3.3750,    6.7500,  8.370275,    12, 10000,     9,     6,
   65.5000,    0.0000,   -4.5000,    9.0000,  3.717282,    12, 10000,     8,     4,
   67.0000,    0.0000,   -5.6250,   11.2500,  5.472814,    12, 10000,     7,     2,
   59.5000,    0.0000,   -1.1250,    2.2500,  7.846259,    13, 10000,    12,    11,
   61.0000,    0.0000,   -2.2500,    4.5000,  3.947931,    13, 10000,    11,     9,
   62.5000,    0.0000,   -3.3750,    6.7500,  4.473733,    13, 10000,    10,     7,
   64.0000,    0.0000,   -4.5000,    9.0000,  3.670686,    13, 10000,     9,     5,
   65.5000,    0.0000,   -5.6250,   11.2500,  2.218333,    13, 10000,     8,     3,
   67.0000,    0.0000,   -6.7500,   13.5000,  3.887643,    13, 10000,     7,     1,
   58.0000,    0.0000,   -1.1250,    2.2500,  5.492570,    14, 10000,    13,    12,
   59.5000,    0.0000,   -2.2500,    4.5000,  1.082387,    14, 10000,    12,    10,
   61.0000,    0.0000,   -3.3750,    6.7500,  3.884282,    14, 10000,    11,     8,
   62.5000,    0.0000,   -4.5000,    9.0000,  3.590323,    14, 10000,    10,     6,
   64.0000,    0.0000,   -5.6250,   11.2500,  3.800658,    14, 10000,     9,     4,
   65.5000,    0.0000,   -6.7500,   13.5000,  2.397636,    14, 10000,     8,     2,
   56.5000,    0.0000,   -1.1250,    2.2500,  9.031394,    15, 10000,    14,    13,
   58.0000,    0.0000,   -2.2500,    4.5000,  0.236367,    15, 10000,    13,    11,
   59.5000,    0.0000,   -3.3750,    6.7500,  0.927202,    15, 10000,    12,     9,
   61.0000,    0.0000,   -4.5000,    9.0000,  2.359249,    15, 10000,    11,     7,
   62.5000,    0.0000,   -5.6250,   11.2500,  2.535813,    15, 10000,    10,     5,
   64.0000,    0.0000,   -6.7500,   13.5000,  2.823153,    15, 10000,     9,     3,
   65.5000,    0.0000,   -7.8750,   15.7500,  2.043320,    15, 10000,     8,     1,
   55.0000,    0.0000,   -1.1250,    2.2500,  3.056972,    16, 10000,    15,    14,
   56.5000,    0.0000,   -2.2500,    4.5000,  3.409246,    16, 10000,    14,    12,
   58.0000,    0.0000,   -3.3750,    6.7500,  0.212603,    16, 10000,    13,    10,
   59.5000,    0.0000,   -4.5000,    9.0000,  0.308686,    16, 10000,    12,     8,
   61.0000,    0.0000,   -5.6250,   11.2500,  0.266086,    16, 10000,    11,     6,
   62.5000,    0.0000,   -6.7500,   13.5000,  0.277800,    16, 10000,    10,     4,
   64.0000,    0.0000,   -7.8750,   15.7500,  0.611385,    16, 10000,     9,     2,
   53.5000,    0.0000,   -1.1250,    2.2500,  1.827045,    17, 10000,    16,    15,
   55.0000,    0.0000,   -2.2500,    4.5000,  6.602932,    17, 10000,    15,    13,
   56.5000,    0.0000,   -3.3750,    6.7500,  3.771658,    17, 10000,    14,    11,
   58.0000,    0.0000,   -4.5000,    9.0000,  0.431805,    17, 10000,    13,     9,
   59.5000,    0.0000,   -5.6250,   11.2500,  1.240577,    17, 10000,    12,     7,
   61.0000,    0.0000,   -6.7500,   13.5000,  2.438730,    17, 10000,    11,     5,
   62.5000,    0.0000,   -7.8750,   15.7500,  3.381312,    17, 10000,    10,     3,
   64.0000,    0.0000,   -9.0000,   18.0000,  2.979908,    17, 10000,     9,     1,
   52.0000,    0.0000,   -1.1250,    2.2500,  6.975479,    18, 10000,    17,    16,
   53.5000,    0.0000,   -2.2500,    4.5000,  3.059641,    18, 10000,    16,    14,
   55.0000,    0.0000,   -3.3750,    6.7500,  1.302804,    18, 10000,    15,    12,
   56.5000,    0.0000,   -4.5000,    9.0000,  1.685648,    18, 10000,    14,    10,
   58.0000,    0.0000,   -5.6250,   11.2500,  0.422526,    18, 10000,    13,     8,
   59.5000,    0.0000,   -6.7500,   13.5000,  1.031888,    18, 10000,    12,     6,
   61.0000,    0.0000,   -7.8750,   15.7500,  2.993751,    18, 10000,    11,     4,
   62.5000,    0.0000,   -9.0000,   18.0000,  3.281930,    18, 10000,    10,     2,
   50.5000,    0.0000,   -1.1250,    2.2500, 27.395193,    19, 10000,    18,    17,
   52.0000,    0.0000,   -2.2500,    4.5000,  2.511898,    19, 10000,    17,    15,
   53.5000,    0.0000,   -3.3750,    6.7500,  1.611304,    19, 10000,    16,    13,
   55.0000,    0.0000,   -4.5000,    9.0000,  0.569535,    19, 10000,    15,    11,
   56.5000,    0.0000,   -5.6250,   11.2500,  2.041001,    19, 10000,    14,     9,
   58.0000,    0.0000,   -6.7500,   13.5000,  0.151939,    19, 10000,    13,     7,
   59.5000,    0.0000,   -7.8750,   15.7500,  0.923226,    19, 10000,    12,     5,
   61.0000,    0.0000,   -9.0000,   18.0000,  3.743767,    19, 10000,    11,     3,
   62.5000,    0.0000,  -10.1250,   20.2500,  4.057040,    19, 10000,    10,     1,
   49.0000,    0.0000,   -1.1250,    2.2500,104.100525,    20, 10000,    19,    18,
   50.5000,    0.0000,   -2.2500,    4.5000, 15.490350,    20, 10000,    18,    16,
   52.0000,    0.0000,   -3.3750,    6.7500,  2.586298,    20, 10000,    17,    14,
   53.5000,    0.0000,   -4.5000,    9.0000,  2.794060,    20, 10000,    16,    12,
   55.0000,    0.0000,   -5.6250,   11.2500,  0.666379,    20, 10000,    15,    10,
   56.5000,    0.0000,   -6.7500,   13.5000,  3.442056,    20, 10000,    14,     8,
   58.0000,    0.0000,   -7.8750,   15.7500,  0.032376,    20, 10000,    13,     6,
   59.5000,    0.0000,   -9.0000,   18.0000,  2.347019,    20, 10000,    12,     4,
   61.0000,    0.0000,  -10.1250,   20.2500,  4.687110,    20, 10000,    11,     2,
   47.5000,    0.0000,   -1.1250,    2.2500, 35.087769,    21, 10000,    20,    19,
   49.0000,    0.0000,   -2.2500,    4.5000, 18.720661,    21, 10000,    19,    17,
   50.5000,    0.0000,   -3.3750,    6.7500,  6.851614,    21, 10000,    18,    15,
   52.0000,    0.0000,   -4.5000,    9.0000,  3.212800,    21, 10000,    17,    13,
   53.5000,    0.0000,   -5.6250,   11.2500,  2.925711,    21, 10000,    16,    11,
   55.0000,    0.0000,   -6.7500,   13.5000,  1.244358,    21, 10000,    15,     9,
   56.5000,    0.0000,   -7.8750,   15.7500,  2.243712,    21, 10000,    14,     7,
   58.0000,    0.0000,   -9.0000,   18.0000,  0.236115,    21, 10000,    13,     5,
   59.5000,    0.0000,  -10.1250,   20.2500,  2.147577,    21, 10000,    12,     3,
   61.0000,    0.0000,  -11.2500,   22.5000,  4.390391,    21, 10000,    11,     1,
   46.0000,    0.0000,   -1.1250,    2.2500, 15.685983,    22, 10000,    21,    20,
   47.5000,    0.0000,   -2.2500,    4.5000,  5.472684,    22, 10000,    20,    18,
   49.0000,    0.0000,   -3.3750,    6.7500,  4.128920,    22, 10000,    19,    16,
   50.5000,    0.0000,   -4.5000,    9.0000,  1.857608,    22, 10000,    18,    14,
   52.0000,    0.0000,   -5.6250,   11.2500,  0.885271,    22, 10000,    17,    12,
   53.5000,    0.0000,   -6.7500,   13.5000,  0.530031,    22, 10000,    16,    10,
   55.0000,    0.0000,   -7.8750,   15.7500,  0.753478,    22, 10000,    15,     8,
   56.5000,    0.0000,   -9.0000,   18.0000,  1.186531,    22, 10000,    14,     6,
   58.0000,    0.0000,  -10.1250,   20.2500,  0.879355,    22, 10000,    13,     4,
   59.5000,    0.0000,  -11.2500,   22.5000,  1.445792,    22, 10000,    12,     2,
   44.5000,    0.0000,   -1.1250,    2.2500,  7.313850,    23, 10000,    22,    21,
   46.0000,    0.0000,   -2.2500,    4.5000,  6.592824,    23, 10000,    21,    19,
   47.5000,    0.0000,   -3.3750,    6.7500,  7.296469,    23, 10000,    20,    17,
   49.0000,    0.0000,   -4.5000,    9.0000,  5.403444,    23, 10000,    19,    15,
   50.5000,    0.0000,   -5.6250,   11.2500,  3.956887,    23, 10000,    18,    13,
   52.0000,    0.0000,   -6.7500,   13.5000,  1.238518,    23, 10000,    17,    11,
   53.5000,    0.0000,   -7.8750,   15.7500,  1.162882,    23, 10000,    16,     9,
   55.0000,    0.0000,   -9.0000,   18.0000,  0.903864,    23, 10000,    15,     7,
   56.5000,    0.0000,  -10.1250,   20.2500,  1.462546,    23, 10000,    14,     5,
   58.0000,    0.0000,  -11.2500,   22.5000,  1.052921,    23, 10000,    13,     3,
   59.5000,    0.0000,  -12.3750,   24.7500,  1.791647,    23, 10000,    12,     1,
   43.0000,    0.0000,   -1.1250,    2.2500, 11.136904,    24, 10000,    23,    22,
   44.5000,    0.0000,   -2.2500,    4.5000,  0.105665,    24, 10000,    22,    20,
   46.0000,    0.0000,   -3.3750,    6.7500,  4.180621,    24, 10000,    21,    18,
   47.5000,    0.0000,   -4.5000,    9.0000,  5.960911,    24, 10000,    20,    16,
   49.0000,    0.0000,   -5.6250,   11.2500,  3.918531,    24, 10000,    19,    14,
   50.5000,    0.0000,   -6.7500,   13.5000,  2.677305,    24, 10000,    18,    12,
   52.0000,    0.0000,   -7.8750,   15.7500,  0.975132,    24, 10000,    17,    10,
   53.5000,    0.0000,   -9.0000,   18.0000,  0.508378,    24, 10000,    16,     8,
   55.0000,    0.0000,  -10.1250,   20.2500,  0.737876,    24, 10000,    15,     6,
   56.5000,    0.0000,  -11.2500,   22.5000,  1.537202,    24, 10000,    14,     4,
   58.0000,    0.0000,  -12.3750,   24.7500,  1.074166,    24, 10000,    13,     2,
   41.5000,    0.0000,   -1.1250,    2.2500,  6.199927,    25, 10000,    24,    23,
   43.0000,    0.0000,   -2.2500,    4.5000,  4.440170,    25, 10000,    23,    21,
   44.5000,    0.0000,   -3.3750,    6.7500,  0.241178,    25, 10000,    22,    19,
   46.0000,    0.0000,   -4.5000,    9.0000, 10.135953,    25, 10000,    21,    17,
   47.5000,    0.0000,   -5.6250,   11.2500, 11.589774,    25, 10000,    20,    15,
   49.0000,    0.0000,   -6.7500,   13.5000,  8.764850,    25, 10000,    19,    13,
   50.5000,    0.0000,   -7.8750,   15.7500,  4.858937,    25, 10000,    18,    11,
   52.0000,    0.0000,   -9.0000,   18.0000,  2.092774,    25, 10000,    17,     9,
   53.5000,    0.0000,  -10.1250,   20.2500,  2.327013,    25, 10000,    16,     7,
   55.0000,    0.0000,  -11.2500,   22.5000,  0.700211,    25, 10000,    15,     5,
   56.5000,    0.0000,  -12.3750,   24.7500,  2.503243,    25, 10000,    14,     3,
   58.0000,    0.0000,  -13.5000,   27.0000,  1.194897,    25, 10000,    13,     1,
   40.0000,    0.0000,   -1.1250,    2.2500, 16.598465,    26, 10000,    25,    24,
   41.5000,    0.0000,   -2.2500,    4.5000,  3.869620,    26, 10000,    24,    22,
   43.0000,    0.0000,   -3.3750,    6.7500,  2.018291,    26, 10000,    23,    20,
   44.5000,    0.0000,   -4.5000,    9.0000,  0.657109,    26, 10000,    22,    18,
   46.0000,    0.0000,   -5.6250,   11.2500, 12.155005,    26, 10000,    21,    16,
   47.5000,    0.0000,   -6.7500,   13.5000, 11.064734,    26, 10000,    20,    14,
   49.0000,    0.0000,   -7.8750,   15.7500,  8.445044,    26, 10000,    19,    12,
   50.5000,    0.0000,   -9.0000,   18.0000,  4.574890,    26, 10000,    18,    10,
   52.0000,    0.0000,  -10.1250,   20.2500,  2.446864,    26, 10000,    17,     8,
   53.5000,    0.0000,  -11.2500,   22.5000,  2.757370,    26, 10000,    16,     6,
   55.0000,    0.0000,  -12.3750,   24.7500,  1.198839,    26, 10000,    15,     4,
   56.5000,    0.0000,  -13.5000,   27.0000,  2.155318,    26, 10000,    14,     2,
   38.5000,    0.0000,   -1.1250,    2.2500, 21.390408,    27, 10000,    26,    25,
   40.0000,    0.0000,   -2.2500,    4.5000, 10.739672,    27, 10000,    25,    23,
   41.5000,    0.0000,   -3.3750,    6.7500,  0.083919,    27, 10000,    24,    21,
   43.0000,    0.0000,   -4.5000,    9.0000,  3.352968,    27, 10000,    23,    19,
   44.5000,    0.0000,   -5.6250,   11.2500,  2.034567,    27, 10000,    22,    17,
   46.0000,    0.0000,   -6.7500,   13.5000,  9.314506,    27, 10000,    21,    15,
   47.5000,    0.0000,   -7.8750,   15.7500, 10.364209,    27, 10000,    20,    13,
   49.0000,    0.0000,   -9.0000,   18.0000,  6.275853,    27, 10000,    19,    11,
   50.5000,    0.0000,  -10.1250,   20.2500,  4.450161,    27, 10000,    18,     9,
   52.0000,    0.0000,  -11.2500,   22.5000,  1.595548,    27, 10000,    17,     7,
   53.5000,    0.0000,  -12.3750,   24.7500,  2.373676,    27, 10000,    16,     5,
   55.0000,    0.0000,  -13.5000,   27.0000,  1.239984,    27, 10000,    15,     3,
   56.5000,    0.0000,  -14.6250,   29.2500,  2.225549,    27, 10000,    14,     1,
   37.0000,    0.0000,   -1.1250,    2.2500, 12.793725,    28, 10000,    27,    26,
   38.5000,    0.0000,   -2.2500,    4.5000,  8.419110,    28, 10000,    26,    24,
   40.0000,    0.0000,   -3.3750,    6.7500,  5.400432,    28, 10000,    25,    22,
   41.5000,    0.0000,   -4.5000,    9.0000,  0.177914,    28, 10000,    24,    20,
   43.0000,    0.0000,   -5.6250,   11.2500,  2.039937,    28, 10000,    23,    18,
   44.5000,    0.0000,   -6.7500,   13.5000,  1.687249,    28, 10000,    22,    16,
   46.0000,    0.0000,   -7.8750,   15.7500,  3.775630,    28, 10000,    21,    14,
   47.5000,    0.0000,   -9.0000,   18.0000,  4.100511,    28, 10000,    20,    12,
   49.0000,    0.0000,  -10.1250,   20.2500,  3.300724,    28, 10000,    19,    10,
   50.5000,    0.0000,  -11.2500,   22.5000,  2.244010,    28, 10000,    18,     8,
   52.0000,    0.0000,  -12.3750,   24.7500,  1.126340,    28, 10000,    17,     6,
   53.5000,    0.0000,  -13.5000,   27.0000,  0.092222,    28, 10000,    16,     4,
   55.0000,    0.0000,  -14.6250,   29.2500,  1.240291,    28, 10000,    15,     2,
   35.5000,    0.0000,   -1.1250,    2.2500,  2.160290,    29, 10000,    28,    27,
   37.0000,    0.0000,   -2.2500,    4.5000,  2.270184,    29, 10000,    27,    25,
   38.5000,    0.0000,   -3.3750,    6.7500,  2.818851,    29, 10000,    26,    23,
   40.0000,    0.0000,   -4.5000,    9.0000,  1.904176,    29, 10000,    25,    21,
   41.5000,    0.0000,   -5.6250,   11.2500,  0.016292,    29, 10000,    24,    19,
   43.0000,    0.0000,   -6.7500,   13.5000,  1.259963,    29, 10000,    23,    17,
   44.5000,    0.0000,   -7.8750,   15.7500,  0.709657,    29, 10000,    22,    15,
   46.0000,    0.0000,   -9.0000,   18.0000,  1.762954,    29, 10000,    21,    13,
   47.5000,    0.0000,  -10.1250,   20.2500,  1.941608,    29, 10000,    20,    11,
   49.0000,    0.0000,  -11.2500,   22.5000,  1.969873,    29, 10000,    19,     9,
   50.5000,    0.0000,  -12.3750,   24.7500,  1.463596,    29, 10000,    18,     7,
   52.0000,    0.0000,  -13.5000,   27.0000,  1.201029,    29, 10000,    17,     5,
   53.5000,    0.0000,  -14.6250,   29.2500,  1.057168,    29, 10000,    16,     3,
   55.0000,    0.0000,  -15.7500,   31.5000,  1.534257,    29, 10000,    15,     1,
   34.0000,    0.0000,   -1.1250,    2.2500,  0.635873,    30, 10000,    29,    28,
   35.5000,    0.0000,   -2.2500,    4.5000,  0.204566,    30, 10000,    28,    26,
   37.0000,    0.0000,   -3.3750,    6.7500,  5.316993,    30, 10000,    27,    24,
   38.5000,    0.0000,   -4.5000,    9.0000,  5.946307,    30, 10000,    26,    22,
   40.0000,    0.0000,   -5.6250,   11.2500,  3.439759,    30, 10000,    25,    20,
   41.5000,    0.0000,   -6.7500,   13.5000,  0.870077,    30, 10000,    24,    18,
   43.0000,    0.0000,   -7.8750,   15.7500,  2.713930,    30, 10000,    23,    16,
   44.5000,    0.0000,   -9.0000,   18.0000,  0.930160,    30, 10000,    22,    14,
   46.0000,    0.0000,  -10.1250,   20.2500,  3.190212,    30, 10000,    21,    12,
   47.5000,    0.0000,  -11.2500,   22.5000,  3.317516,    30, 10000,    20,    10,
   49.0000,    0.0000,  -12.3750,   24.7500,  2.928953,    30, 10000,    19,     8,
   50.5000,    0.0000,  -13.5000,   27.0000,  2.073311,    30, 10000,    18,     6,
   52.0000,    0.0000,  -14.6250,   29.2500,  1.406770,    30, 10000,    17,     4,
   53.5000,    0.0000,  -15.7500,   31.5000,  0.763966,    30, 10000,    16,     2,
   32.5000,    0.0000,   -1.1250,    2.2500,  7.284050,    31, 10000,    30,    29,
   34.0000,    0.0000,   -2.2500,    4.5000,  2.979521,    31, 10000,    29,    27,
   35.5000,    0.0000,   -3.3750,    6.7500,  0.630245,    31, 10000,    28,    25,
   37.0000,    0.0000,   -4.5000,    9.0000,  8.846704,    31, 10000,    27,    23,
   38.5000,    0.0000,   -5.6250,   11.2500,  8.690491,    31, 10000,    26,    21,
   40.0000,    0.0000,   -6.7500,   13.5000,  6.197593,    31, 10000,    25,    19,
   41.5000,    0.0000,   -7.8750,   15.7500,  2.301891,    31, 10000,    24,    17,
   43.0000,    0.0000,   -9.0000,   18.0000,  4.041356,    31, 10000,    23,    15,
   44.5000,    0.0000,  -10.1250,   20.2500,  1.725518,    31, 10000,    22,    13,
   46.0000,    0.0000,  -11.2500,   22.5000,  4.916158,    31, 10000,    21,    11,
   47.5000,    0.0000,  -12.3750,   24.7500,  5.495586,    31, 10000,    20,     9,
   49.0000,    0.0000,  -13.5000,   27.0000,  4.995545,    31, 10000,    19,     7,
   50.5000,    0.0000,  -14.6250,   29.2500,  2.637562,    31, 10000,    18,     5,
   52.0000,    0.0000,  -15.7500,   31.5000,  1.500132,    31, 10000,    17,     3,
   53.5000,    0.0000,  -16.8750,   33.7500,  0.312981,    31, 10000,    16,     1,
   31.0000,    0.0000,   -1.1250,    2.2500, 14.996901,    32, 10000,    31,    30,
   32.5000,    0.0000,   -2.2500,    4.5000,  2.245464,    32, 10000,    30,    28,
   34.0000,    0.0000,   -3.3750,    6.7500,  1.495586,    32, 10000,    29,    26,
   35.5000,    0.0000,   -4.5000,    9.0000,  1.920872,    32, 10000,    28,    24,
   37.0000,    0.0000,   -5.6250,   11.2500,  5.066230,    32, 10000,    27,    22,
   38.5000,    0.0000,   -6.7500,   13.5000,  4.347349,    32, 10000,    26,    20,
   40.0000,    0.0000,   -7.8750,   15.7500,  3.684591,    32, 10000,    25,    18,
   41.5000,    0.0000,   -9.0000,   18.0000,  1.597124,    32, 10000,    24,    16,
   43.0000,    0.0000,  -10.1250,   20.2500,  1.921051,    32, 10000,    23,    14,
   44.5000,    0.0000,  -11.2500,   22.5000,  0.984003,    32, 10000,    22,    12,
   46.0000,    0.0000,  -12.3750,   24.7500,  2.727822,    32, 10000,    21,    10,
   47.5000,    0.0000,  -13.5000,   27.0000,  2.893384,    32, 10000,    20,     8,
   49.0000,    0.0000,  -14.6250,   29.2500,  2.730463,    32, 10000,    19,     6,
   50.5000,    0.0000,  -15.7500,   31.5000,  2.082814,    32, 10000,    18,     4,
   52.0000,    0.0000,  -16.8750,   33.7500,  1.788401,    32, 10000,    17,     2,
   29.5000,    0.0000,   -1.1250,    2.2500, 36.445724,    33, 10000,    32,    31,
   31.0000,    0.0000,   -2.2500,    4.5000, 11.202560,    33, 10000,    31,    29,
   32.5000,    0.0000,   -3.3750,    6.7500,  0.029987,    33, 10000,    30,    27,
   34.0000,    0.0000,   -4.5000,    9.0000,  2.037718,    33, 10000,    29,    25,
   35.5000,    0.0000,   -5.6250,   11.2500,  1.198643,    33, 10000,    28,    23,
   37.0000,    0.0000,   -6.7500,   13.5000,  5.660954,    33, 10000,    27,    21,
   38.5000,    0.0000,   -7.8750,   15.7500,  4.959252,    33, 10000,    26,    19,
   40.0000,    0.0000,   -9.0000,   18.0000,  5.130009,    33, 10000,    25,    17,
   41.5000,    0.0000,  -10.1250,   20.2500,  2.269010,    33, 10000,    24,    15,
   43.0000,    0.0000,  -11.2500,   22.5000,  3.586067,    33, 10000,    23,    13,
   44.5000,    0.0000,  -12.3750,   24.7500,  0.986412,    33, 10000,    22,    11,
   46.0000,    0.0000,  -13.5000,   27.0000,  4.356349,    33, 10000,    21,     9,
   47.5000,    0.0000,  -14.6250,   29.2500,  4.577140,    33, 10000,    20,     7,
   49.0000,    0.0000,  -15.7500,   31.5000,  5.573514,    33, 10000,    19,     5,
   50.5000,    0.0000,  -16.8750,   33.7500,  2.775356,    33, 10000,    18,     3,
   52.0000,    0.0000,  -18.0000,   36.0000,  1.386811,    33, 10000,    17,     1,
   28.0000,    0.0000,   -1.1250,    2.2500,153.251984,    34, 10000,    33,    32,
   29.5000,    0.0000,   -2.2500,    4.5000, 14.342024,    34, 10000,    32,    30,
   31.0000,    0.0000,   -3.3750,    6.7500,  8.537799,    34, 10000,    31,    28,
   32.5000,    0.0000,   -4.5000,    9.0000,  0.470857,    34, 10000,    30,    26,
   34.0000,    0.0000,   -5.6250,   11.2500,  0.032068,    34, 10000,    29,    24,
   35.5000,    0.0000,   -6.7500,   13.5000,  2.411457,    34, 10000,    28,    22,
   37.0000,    0.0000,   -7.8750,   15.7500,  5.345223,    34, 10000,    27,    20,
   38.5000,    0.0000,   -9.0000,   18.0000,  6.361132,    34, 10000,    26,    18,
   40.0000,    0.0000,  -10.1250,   20.2500,  5.626824,    34, 10000,    25,    16,
   41.5000,    0.0000,  -11.2500,   22.5000,  2.004221,    34, 10000,    24,    14,
   43.0000,    0.0000,  -12.3750,   24.7500,  3.019356,    34, 10000,    23,    12,
   44.5000,    0.0000,  -13.5000,   27.0000,  1.143067,    34, 10000,    22,    10,
   46.0000,    0.0000,  -14.6250,   29.2500,  4.156283,    34, 10000,    21,     8,
   47.5000,    0.0000,  -15.7500,   31.5000,  4.420854,    34, 10000,    20,     6,
   49.0000,    0.0000,  -16.8750,   33.7500,  5.107001,    34, 10000,    19,     4,
   50.5000,    0.0000,  -18.0000,   36.0000,  2.941720,    34, 10000,    18,     2,
   26.5000,    0.0000,   -1.1250,    2.2500, 29.036024,    35, 10000,    34,    33,
   28.0000,    0.0000,   -2.2500,    4.5000, 18.628475,    35, 10000,    33,    31,
   29.5000,    0.0000,   -3.3750,    6.7500,  5.261634,    35, 10000,    32,    29,
   31.0000,    0.0000,   -4.5000,    9.0000,  4.508790,    35, 10000,    31,    27,
   32.5000,    0.0000,   -5.6250,   11.2500,  0.239163,    35, 10000,    30,    25,
   34.0000,    0.0000,   -6.7500,   13.5000,  2.180780,    35, 10000,    29,    23,
   35.5000,    0.0000,   -7.8750,   15.7500,  0.856924,    35, 10000,    28,    21,
   37.0000,    0.0000,   -9.0000,   18.0000,  1.045158,    35, 10000,    27,    19,
   38.5000,    0.0000,  -10.1250,   20.2500,  5.544941,    35, 10000,    26,    17,
   40.0000,    0.0000,  -11.2500,   22.5000,  4.502408,    35, 10000,    25,    15,
   41.5000,    0.0000,  -12.3750,   24.7500,  2.097109,    35, 10000,    24,    13,
   43.0000,    0.0000,  -13.5000,   27.0000,  3.530553,    35, 10000,    23,    11,
   44.5000,    0.0000,  -14.6250,   29.2500,  1.444820,    35, 10000,    22,     9,
   46.0000,    0.0000,  -15.7500,   31.5000,  4.389088,    35, 10000,    21,     7,
   47.5000,    0.0000,  -16.8750,   33.7500,  3.877672,    35, 10000,    20,     5,
   49.0000,    0.0000,  -18.0000,   36.0000, 10.296772,    35, 10000,    19,     3,
   50.5000,    0.0000,  -19.1250,   38.2500,  3.467986,    35, 10000,    18,     1,
   25.0000,    0.0000,   -1.1250,    2.2500, 19.155243,    36, 10000,    35,    34,
   26.5000,    0.0000,   -2.2500,    4.5000,  6.578875,    36, 10000,    34,    32,
   28.0000,    0.0000,   -3.3750,    6.7500,  6.908202,    36, 10000,    33,    30,
   29.5000,    0.0000,   -4.5000,    9.0000,  4.304601,    36, 10000,    32,    28,
   31.0000,    0.0000,   -5.6250,   11.2500,  6.811245,    36, 10000,    31,    26,
   32.5000,    0.0000,   -6.7500,   13.5000,  3.695757,    36, 10000,    30,    24,
   34.0000,    0.0000,   -7.8750,   15.7500,  0.296909,    36, 10000,    29,    22,
   35.5000,    0.0000,   -9.0000,   18.0000,  0.524550,    36, 10000,    28,    20,
   37.0000,    0.0000,  -10.1250,   20.2500,  7.777635,    36, 10000,    27,    18,
   38.5000,    0.0000,  -11.2500,   22.5000,  9.596065,    36, 10000,    26,    16,
   40.0000,    0.0000,  -12.3750,   24.7500,  5.648325,    36, 10000,    25,    14,
   41.5000,    0.0000,  -13.5000,   27.0000,  2.350433,    36, 10000,    24,    12,
   43.0000,    0.0000,  -14.6250,   29.2500,  2.803539,    36, 10000,    23,    10,
   44.5000,    0.0000,  -15.7500,   31.5000,  1.165053,    36, 10000,    22,     8,
   46.0000,    0.0000,  -16.8750,   33.7500,  4.712648,    36, 10000,    21,     6,
   47.5000,    0.0000,  -18.0000,   36.0000,  5.555425,    36, 10000,    20,     4,
   49.0000,    0.0000,  -19.1250,   38.2500,  5.031068,    36, 10000,    19,     2,
   23.5000,    0.0000,   -1.1250,    2.2500, 30.817219,    37, 10000,    36,    35,
   25.0000,    0.0000,   -2.2500,    4.5000,  6.999192,    37, 10000,    35,    33,
   26.5000,    0.0000,   -3.3750,    6.7500,  0.425727,    37, 10000,    34,    31,
   28.0000,    0.0000,   -4.5000,    9.0000,  5.931531,    37, 10000,    33,    29,
   29.5000,    0.0000,   -5.6250,   11.2500,  1.326733,    37, 10000,    32,    27,
   31.0000,    0.0000,   -6.7500,   13.5000,  8.036582,    37, 10000,    31,    25,
   32.5000,    0.0000,   -7.8750,   15.7500,  2.840400,    37, 10000,    30,    23,
   34.0000,    0.0000,   -9.0000,   18.0000,  1.934523,    37, 10000,    29,    21,
   35.5000,    0.0000,  -10.1250,   20.2500,  0.320348,    37, 10000,    28,    19,
   37.0000,    0.0000,  -11.2500,   22.5000,  8.237500,    37, 10000,    27,    17,
   38.5000,    0.0000,  -12.3750,   24.7500,  8.405978,    37, 10000,    26,    15,
   40.0000,    0.0000,  -13.5000,   27.0000,  5.777818,    37, 10000,    25,    13,
   41.5000,    0.0000,  -14.6250,   29.2500,  1.745786,    37, 10000,    24,    11,
   43.0000,    0.0000,  -15.7500,   31.5000,  3.123652,    37, 10000,    23,     9,
   44.5000,    0.0000,  -16.8750,   33.7500,  0.974660,    37, 10000,    22,     7,
   46.0000,    0.0000,  -18.0000,   36.0000,  4.653756,    37, 10000,    21,     5,
   47.5000,    0.0000,  -19.1250,   38.2500,  5.669454,    37, 10000,    20,     3,
   49.0000,    0.0000,  -20.2500,   40.5000,  5.845046,    37, 10000,    19,     1,
   22.0000,    0.0000,   -1.1250,    2.2500, 19.825237,    38, 10000,    37,    36,
   23.5000,    0.0000,   -2.2500,    4.5000, 13.003449,    38, 10000,    36,    34,
   25.0000,    0.0000,   -3.3750,    6.7500,  4.793531,    38, 10000,    35,    32,
   26.5000,    0.0000,   -4.5000,    9.0000,  2.653605,    38, 10000,    34,    30,
   28.0000,    0.0000,   -5.6250,   11.2500,  3.799029,    38, 10000,    33,    28,
   29.5000,    0.0000,   -6.7500,   13.5000,  1.146593,    38, 10000,    32,    26,
   31.0000,    0.0000,   -7.8750,   15.7500,  9.066062,    38, 10000,    31,    24,
   32.5000,    0.0000,   -9.0000,   18.0000,  3.800046,    38, 10000,    30,    22,
   34.0000,    0.0000,  -10.1250,   20.2500,  2.043443,    38, 10000,    29,    20,
   35.5000,    0.0000,  -11.2500,   22.5000,  1.585891,    38, 10000,    28,    18,
   37.0000,    0.0000,  -12.3750,   24.7500,  8.550131,    38, 10000,    27,    16,
   38.5000,    0.0000,  -13.5000,   27.0000,  7.489685,    38, 10000,    26,    14,
   40.0000,    0.0000,  -14.6250,   29.2500,  5.124169,    38, 10000,    25,    12,
   41.5000,    0.0000,  -15.7500,   31.5000,  1.579201,    38, 10000,    24,    10,
   43.0000,    0.0000,  -16.8750,   33.7500,  3.126048,    38, 10000,    23,     8,
   44.5000,    0.0000,  -18.0000,   36.0000,  0.625510,    38, 10000,    22,     6,
   46.0000,    0.0000,  -19.1250,   38.2500,  4.575851,    38, 10000,    21,     4,
   47.5000,    0.0000,  -20.2500,   40.5000,  5.168498,    38, 10000,    20,     2,
   20.5000,    0.0000,   -1.1250,    2.2500, 11.000338,    39, 10000,    38,    37,
   22.0000,    0.0000,   -2.2500,    4.5000, 11.468187,    39, 10000,    37,    35,
   23.5000,    0.0000,   -3.3750,    6.7500,  9.727735,    39, 10000,    36,    33,
   25.0000,    0.0000,   -4.5000,    9.0000,  1.682300,    39, 10000,    35,    31,
   26.5000,    0.0000,   -5.6250,   11.2500,  3.707347,    39, 10000,    34,    29,
   28.0000,    0.0000,   -6.7500,   13.5000,  0.781474,    39, 10000,    33,    27,
   29.5000,    0.0000,   -7.8750,   15.7500,  2.052567,    39, 10000,    32,    25,
   31.0000,    0.0000,   -9.0000,   18.0000,  7.175694,    39, 10000,    31,    23,
   32.5000,    0.0000,  -10.1250,   20.2500,  1.559419,    39, 10000,    30,    21,
   34.0000,    0.0000,  -11.2500,   22.5000,  1.416866,    39, 10000,    29,    19,
   35.5000,    0.0000,  -12.3750,   24.7500,  1.942732,    39, 10000,    28,    17,
   37.0000,    0.0000,  -13.5000,   27.0000,  6.543302,    39, 10000,    27,    15,
   38.5000,    0.0000,  -14.6250,   29.2500,  6.609014,    39, 10000,    26,    13,
   40.0000,    0.0000,  -15.7500,   31.5000,  3.950668,    39, 10000,    25,    11,
   41.5000,    0.0000,  -16.8750,   33.7500,  1.730631,    39, 10000,    24,     9,
   43.0000,    0.0000,  -18.0000,   36.0000,  2.655481,    39, 10000,    23,     7,
   44.5000,    0.0000,  -19.1250,   38.2500,  0.819844,    39, 10000,    22,     5,
   46.0000,    0.0000,  -20.2500,   40.5000,  4.297289,    39, 10000,    21,     3,
   47.5000,    0.0000,  -21.3750,   42.7500,  4.893954,    39, 10000,    20,     1,
   19.0000,    0.0000,   -1.1250,    2.2500,  7.343240,    40, 10000,    39,    38,
   20.5000,    0.0000,   -2.2500,    4.5000,  5.903444,    40, 10000,    38,    36,
   22.0000,    0.0000,   -3.3750,    6.7500,  8.519485,    40, 10000,    37,    34,
   23.5000,    0.0000,   -4.5000,    9.0000,  7.073694,    40, 10000,    36,    32,
   25.0000,    0.0000,   -5.6250,   11.2500,  3.033959,    40, 10000,    35,    30,
   26.5000,    0.0000,   -6.7500,   13.5000,  1.972003,    40, 10000,    34,    28,
   28.0000,    0.0000,   -7.8750,   15.7500,  0.552765,    40, 10000,    33,    26,
   29.5000,    0.0000,   -9.0000,   18.0000,  2.457948,    40, 10000,    32,    24,
   31.0000,    0.0000,  -10.1250,   20.2500,  5.989724,    40, 10000,    31,    22,
   32.5000,    0.0000,  -11.2500,   22.5000,  1.116835,    40, 10000,    30,    20,
   34.0000,    0.0000,  -12.3750,   24.7500,  0.398350,    40, 10000,    29,    18,
   35.5000,    0.0000,  -13.5000,   27.0000,  2.044932,    40, 10000,    28,    16,
   37.0000,    0.0000,  -14.6250,   29.2500,  4.808887,    40, 10000,    27,    14,
   38.5000,    0.0000,  -15.7500,   31.5000,  4.940864,    40, 10000,    26,    12,
   40.0000,    0.0000,  -16.8750,   33.7500,  3.265950,    40, 10000,    25,    10,
   41.5000,    0.0000,  -18.0000,   36.0000,  1.802881,    40, 10000,    24,     8,
   43.0000,    0.0000,  -19.1250,   38.2500,  2.477349,    40, 10000,    23,     6,
   44.5000,    0.0000,  -20.2500,   40.5000,  1.449859,    40, 10000,    22,     4,
   46.0000,    0.0000,  -21.3750,   42.7500,  3.879169,    40, 10000,    21,     2,
   17.5000,    0.0000,   -1.1250,    2.2500,  1.551085,    41, 10000,    40,    39,
   19.0000,    0.0000,   -2.2500,    4.5000,  0.562422,    41, 10000,    39,    37,
   20.5000,    0.0000,   -3.3750,    6.7500,  0.907578,    41, 10000,    38,    35,
   22.0000,    0.0000,   -4.5000,    9.0000,  0.917534,    41, 10000,    37,    33,
   23.5000,    0.0000,   -5.6250,   11.2500,  0.729410,    41, 10000,    36,    31,
   25.0000,    0.0000,   -6.7500,   13.5000,  0.446158,    41, 10000,    35,    29,
   26.5000,    0.0000,   -7.8750,   15.7500,  0.501245,    41, 10000,    34,    27,
   28.0000,    0.0000,   -9.0000,   18.0000,  0.678116,    41, 10000,    33,    25,
   29.5000,    0.0000,  -10.1250,   20.2500,  0.821921,    41, 10000,    32,    23,
   31.0000,    0.0000,  -11.2500,   22.5000,  1.002650,    41, 10000,    31,    21,
   32.5000,    0.0000,  -12.3750,   24.7500,  0.851763,    41, 10000,    30,    19,
   34.0000,    0.0000,  -13.5000,   27.0000,  0.795223,    41, 10000,    29,    17,
   35.5000,    0.0000,  -14.6250,   29.2500,  1.120111,    41, 10000,    28,    15,
   37.0000,    0.0000,  -15.7500,   31.5000,  0.908416,    41, 10000,    27,    13,
   38.5000,    0.0000,  -16.8750,   33.7500,  1.602691,    41, 10000,    26,    11,
   40.0000,    0.0000,  -18.0000,   36.0000,  1.737420,    41, 10000,    25,     9,
   41.5000,    0.0000,  -19.1250,   38.2500,  2.210284,    41, 10000,    24,     7,
   43.0000,    0.0000,  -20.2500,   40.5000,  2.610304,    41, 10000,    23,     5,
   44.5000,    0.0000,  -21.3750,   42.7500,  2.922236,    41, 10000,    22,     3,
   46.0000,    0.0000,  -22.5000,   45.0000,  2.714465,    41, 10000,    21,     1,
   16.0000,    0.0000,   -1.1250,    2.2500,  0.605279,    42, 10000,    41,    40,
   17.5000,    0.0000,   -2.2500,    4.5000,  1.649537,    42, 10000,    40,    38,
   19.0000,    0.0000,   -3.3750,    6.7500,  0.567303,    42, 10000,    39,    36,
   20.5000,    0.0000,   -4.5000,    9.0000,  0.662243,    42, 10000,    38,    34,
   22.0000,    0.0000,   -5.6250,   11.2500,  0.548748,    42, 10000,    37,    32,
   23.5000,    0.0000,   -6.7500,   13.5000,  0.434081,    42, 10000,    36,    30,
   25.0000,    0.0000,   -7.8750,   15.7500,  0.315631,    42, 10000,    35,    28,
   26.5000,    0.0000,   -9.0000,   18.0000,  0.639556,    42, 10000,    34,    26,
   28.0000,    0.0000,  -10.1250,   20.2500,  0.673717,    42, 10000,    33,    24,
   29.5000,    0.0000,  -11.2500,   22.5000,  0.628814,    42, 10000,    32,    22,
   31.0000,    0.0000,  -12.3750,   24.7500,  1.077106,    42, 10000,    31,    20,
   32.5000,    0.0000,  -13.5000,   27.0000,  0.952436,    42, 10000,    30,    18,
   34.0000,    0.0000,  -14.6250,   29.2500,  0.765875,    42, 10000,    29,    16,
   35.5000,    0.0000,  -15.7500,   31.5000,  1.359158,    42, 10000,    28,    14,
   37.0000,    0.0000,  -16.8750,   33.7500,  0.971002,    42, 10000,    27,    12,
   38.5000,    0.0000,  -18.0000,   36.0000,  1.749375,    42, 10000,    26,    10,
   40.0000,    0.0000,  -19.1250,   38.2500,  1.590556,    42, 10000,    25,     8,
   41.5000,    0.0000,  -20.2500,   40.5000,  2.565123,    42, 10000,    24,     6,
   43.0000,    0.0000,  -21.3750,   42.7500,  2.408746,    42, 10000,    23,     4,
   44.5000,    0.0000,  -22.5000,   45.0000,  3.550882,    42, 10000,    22,     2,
   14.5000,    0.0000,   -1.1250,    2.2500,  0.117166,    43, 10000,    42,    41,
   16.0000,    0.0000,   -2.2500,    4.5000,  0.972288,    43, 10000,    41,    39,
   17.5000,    0.0000,   -3.3750,    6.7500,  3.280908,    43, 10000,    40,    37,
   19.0000,    0.0000,   -4.5000,    9.0000,  4.497937,    43, 10000,    39,    35,
   20.5000,    0.0000,   -5.6250,   11.2500,  5.115754,    43, 10000,    38,    33,
   22.0000,    0.0000,   -6.7500,   13.5000,  3.762990,    43, 10000,    37,    31,
   23.5000,    0.0000,   -7.8750,   15.7500,  4.489069,    43, 10000,    36,    29,
   25.0000,    0.0000,   -9.0000,   18.0000,  0.908995,    43, 10000,    35,    27,
   26.5000,    0.0000,  -10.1250,   20.2500,  0.476006,    43, 10000,    34,    25,
   28.0000,    0.0000,  -11.2500,   22.5000,  1.017506,    43, 10000,    33,    23,
   29.5000,    0.0000,  -12.3750,   24.7500,  1.159706,    43, 10000,    32,    21,
   31.0000,    0.0000,  -13.5000,   27.0000,  2.491425,    43, 10000,    31,    19,
   32.5000,    0.0000,  -14.6250,   29.2500,  1.464070,    43, 10000,    30,    17,
   34.0000,    0.0000,  -15.7500,   31.5000,  0.482056,    43, 10000,    29,    15,
   35.5000,    0.0000,  -16.8750,   33.7500,  1.358167,    43, 10000,    28,    13,
   37.0000,    0.0000,  -18.0000,   36.0000,  3.197790,    43, 10000,    27,    11,
   38.5000,    0.0000,  -19.1250,   38.2500,  3.314311,    43, 10000,    26,     9,
   40.0000,    0.0000,  -20.2500,   40.5000,  2.809517,    43, 10000,    25,     7,
   41.5000,    0.0000,  -21.3750,   42.7500,  2.233801,    43, 10000,    24,     5,
   43.0000,    0.0000,  -22.5000,   45.0000,  2.741166,    43, 10000,    23,     3,
   44.5000,    0.0000,  -23.6250,   47.2500,  2.585359,    43, 10000,    22,     1,
   13.0000,    0.0000,   -1.1250,    2.2500, 30.193520,    44, 10000,    43,    42,
   14.5000,    0.0000,   -2.2500,    4.5000,  0.903339,    44, 10000,    42,    40,
   16.0000,    0.0000,   -3.3750,    6.7500,  1.061085,    44, 10000,    41,    38,
   17.5000,    0.0000,   -4.5000,    9.0000,  4.768894,    44, 10000,    40,    36,
   19.0000,    0.0000,   -5.6250,   11.2500,  7.315338,    44, 10000,    39,    34,
   20.5000,    0.0000,   -6.7500,   13.5000,  7.427668,    44, 10000,    38,    32,
   22.0000,    0.0000,   -7.8750,   15.7500,  6.967542,    44, 10000,    37,    30,
   23.5000,    0.0000,   -9.0000,   18.0000,  5.959847,    44, 10000,    36,    28,
   25.0000,    0.0000,  -10.1250,   20.2500,  0.797371,    44, 10000,    35,    26,
   26.5000,    0.0000,  -11.2500,   22.5000,  0.931891,    44, 10000,    34,    24,
   28.0000,    0.0000,  -12.3750,   24.7500,  1.557477,    44, 10000,    33,    22,
   29.5000,    0.0000,  -13.5000,   27.0000,  0.793794,    44, 10000,    32,    20,
   31.0000,    0.0000,  -14.6250,   29.2500,  4.120296,    44, 10000,    31,    18,
   32.5000,    0.0000,  -15.7500,   31.5000,  2.201674,    44, 10000,    30,    16,
   34.0000,    0.0000,  -16.8750,   33.7500,  0.276137,    44, 10000,    29,    14,
   35.5000,    0.0000,  -18.0000,   36.0000,  1.223027,    44, 10000,    28,    12,
   37.0000,    0.0000,  -19.1250,   38.2500,  3.978018,    44, 10000,    27,    10,
   38.5000,    0.0000,  -20.2500,   40.5000,  4.423620,    44, 10000,    26,     8,
   40.0000,    0.0000,  -21.3750,   42.7500,  3.205575,    44, 10000,    25,     6,
   41.5000,    0.0000,  -22.5000,   45.0000,  2.074347,    44, 10000,    24,     4,
   43.0000,    0.0000,  -23.6250,   47.2500,  3.080132,    44, 10000,    23,     2,
   11.5000,    0.0000,   -1.1250,    2.2500, 44.901913,    45, 10000,    44,    43,
   13.0000,    0.0000,   -2.2500,    4.5000, 11.613665,    45, 10000,    43,    41,
   14.5000,    0.0000,   -3.3750,    6.7500,  0.475178,    45, 10000,    42,    39,
   16.0000,    0.0000,   -4.5000,    9.0000,  2.236406,    45, 10000,    41,    37,
   17.5000,    0.0000,   -5.6250,   11.2500,  8.507510,    45, 10000,    40,    35,
   19.0000,    0.0000,   -6.7500,   13.5000,  9.382393,    45, 10000,    39,    33,
   20.5000,    0.0000,   -7.8750,   15.7500,  7.782445,    45, 10000,    38,    31,
   22.0000,    0.0000,   -9.0000,   18.0000, 10.341187,    45, 10000,    37,    29,
   23.5000,    0.0000,  -10.1250,   20.2500,  5.634459,    45, 10000,    36,    27,
   25.0000,    0.0000,  -11.2500,   22.5000,  1.401923,    45, 10000,    35,    25,
   26.5000,    0.0000,  -12.3750,   24.7500,  0.428322,    45, 10000,    34,    23,
   28.0000,    0.0000,  -13.5000,   27.0000,  0.222320,    45, 10000,    33,    21,
   29.5000,    0.0000,  -14.6250,   29.2500,  0.940795,    45, 10000,    32,    19,
   31.0000,    0.0000,  -15.7500,   31.5000,  5.898192,    45, 10000,    31,    17,
   32.5000,    0.0000,  -16.8750,   33.7500,  2.041967,    45, 10000,    30,    15,
   34.0000,    0.0000,  -18.0000,   36.0000,  0.610126,    45, 10000,    29,    13,
   35.5000,    0.0000,  -19.1250,   38.2500,  0.613343,    45, 10000,    28,    11,
   37.0000,    0.0000,  -20.2500,   40.5000,  4.905491,    45, 10000,    27,     9,
   38.5000,    0.0000,  -21.3750,   42.7500,  5.030545,    45, 10000,    26,     7,
   40.0000,    0.0000,  -22.5000,   45.0000,  3.327112,    45, 10000,    25,     5,
   41.5000,    0.0000,  -23.6250,   47.2500,  2.044749,    45, 10000,    24,     3,
   43.0000,    0.0000,  -24.7500,   49.5000,  3.255348,    45, 10000,    23,     1,
   10.0000,    0.0000,   -1.1250,    2.2500, 83.952248,    46, 10000,    45,    44,
   11.5000,    0.0000,   -2.2500,    4.5000, 22.389368,    46, 10000,    44,    42,
   13.0000,    0.0000,   -3.3750,    6.7500,  7.432911,    46, 10000,    43,    40,
   14.5000,    0.0000,   -4.5000,    9.0000,  0.767101,    46, 10000,    42,    38,
   16.0000,    0.0000,   -5.6250,   11.2500,  2.579776,    46, 10000,    41,    36,
   17.5000,    0.0000,   -6.7500,   13.5000,  7.985480,    46, 10000,    40,    34,
   19.0000,    0.0000,   -7.8750,   15.7500,  7.166981,    46, 10000,    39,    32,
   20.5000,    0.0000,   -9.0000,   18.0000,  8.003868,    46, 10000,    38,    30,
   22.0000,    0.0000,  -10.1250,   20.2500,  7.490432,    46, 10000,    37,    28,
   23.5000,    0.0000,  -11.2500,   22.5000,  3.843781,    46, 10000,    36,    26,
   25.0000,    0.0000,  -12.3750,   24.7500,  1.407526,    46, 10000,    35,    24,
   26.5000,    0.0000,  -13.5000,   27.0000,  0.149173,    46, 10000,    34,    22,
   28.0000,    0.0000,  -14.6250,   29.2500,  0.787337,    46, 10000,    33,    20,
   29.5000,    0.0000,  -15.7500,   31.5000,  0.653695,    46, 10000,    32,    18,
   31.0000,    0.0000,  -16.8750,   33.7500,  5.897265,    46, 10000,    31,    16,
   32.5000,    0.0000,  -18.0000,   36.0000,  1.488093,    46, 10000,    30,    14,
   34.0000,    0.0000,  -19.1250,   38.2500,  0.862059,    46, 10000,    29,    12,
   35.5000,    0.0000,  -20.2500,   40.5000,  0.700005,    46, 10000,    28,    10,
   37.0000,    0.0000,  -21.3750,   42.7500,  4.182833,    46, 10000,    27,     8,
   38.5000,    0.0000,  -22.5000,   45.0000,  4.099079,    46, 10000,    26,     6,
   40.0000,    0.0000,  -23.6250,   47.2500,  3.010123,    46, 10000,    25,     4,
   41.5000,    0.0000,  -24.7500,   49.5000,  1.828460,    46, 10000,    24,     2,
    8.5000,    0.0000,   -1.1250,    2.2500, 21.981129,    47, 10000,    46,    45,
   10.0000,    0.0000,   -2.2500,    4.5000, 12.683455,    47, 10000,    45,    43,
   11.5000,    0.0000,   -3.3750,    6.7500,  9.683053,    47, 10000,    44,    41,
   13.0000,    0.0000,   -4.5000,    9.0000,  5.983897,    47, 10000,    43,    39,
   14.5000,    0.0000,   -5.6250,   11.2500,  0.388396,    47, 10000,    42,    37,
   16.0000,    0.0000,   -6.7500,   13.5000,  3.910493,    47, 10000,    41,    35,
   17.5000,    0.0000,   -7.8750,   15.7500,  6.260029,    47, 10000,    40,    33,
   19.0000,    0.0000,   -9.0000,   18.0000,  4.764825,    47, 10000,    39,    31,
   20.5000,    0.0000,  -10.1250,   20.2500,  8.302653,    47, 10000,    38,    29,
   22.0000,    0.0000,  -11.2500,   22.5000,  5.090132,    47, 10000,    37,    27,
   23.5000,    0.0000,  -12.3750,   24.7500,  4.016459,    47, 10000,    36,    25,
   25.0000,    0.0000,  -13.5000,   27.0000,  0.814894,    47, 10000,    35,    23,
   26.5000,    0.0000,  -14.6250,   29.2500,  0.696915,    47, 10000,    34,    21,
   28.0000,    0.0000,  -15.7500,   31.5000,  6.513782,    47, 10000,    33,    19,
   29.5000,    0.0000,  -16.8750,   33.7500,  1.606960,    47, 10000,    32,    17,
   31.0000,    0.0000,  -18.0000,   36.0000,  5.100780,    47, 10000,    31,    15,
   32.5000,    0.0000,  -19.1250,   38.2500,  1.849229,    47, 10000,    30,    13,
   34.0000,    0.0000,  -20.2500,   40.5000,  0.893354,    47, 10000,    29,    11,
   35.5000,    0.0000,  -21.3750,   42.7500,  0.945766,    47, 10000,    28,     9,
   37.0000,    0.0000,  -22.5000,   45.0000,  4.025433,    47, 10000,    27,     7,
   38.5000,    0.0000,  -23.6250,   47.2500,  4.090442,    47, 10000,    26,     5,
   40.0000,    0.0000,  -24.7500,   49.5000,  3.367572,    47, 10000,    25,     3,
   41.5000,    0.0000,  -25.8750,   51.7500,  2.381917,    47, 10000,    24,     1,
    7.0000,    0.0000,   -1.1250,    2.2500, 11.760548,    48, 10000,    47,    46,
    8.5000,    0.0000,   -2.2500,    4.5000,  6.651010,    48, 10000,    46,    44,
   10.0000,    0.0000,   -3.3750,    6.7500, 11.915111,    48, 10000,    45,    42,
   11.5000,    0.0000,   -4.5000,    9.0000,  8.309703,    48, 10000,    44,    40,
   13.0000,    0.0000,   -5.6250,   11.2500,  5.317245,    48, 10000,    43,    38,
   14.5000,    0.0000,   -6.7500,   13.5000,  0.945333,    48, 10000,    42,    36,
   16.0000,    0.0000,   -7.8750,   15.7500,  3.880763,    48, 10000,    41,    34,
   17.5000,    0.0000,   -9.0000,   18.0000,  4.704118,    48, 10000,    40,    32,
   19.0000,    0.0000,  -10.1250,   20.2500,  5.260606,    48, 10000,    39,    30,
   20.5000,    0.0000,  -11.2500,   22.5000,  5.804420,    48, 10000,    38,    28,
   22.0000,    0.0000,  -12.3750,   24.7500,  3.847137,    48, 10000,    37,    26,
   23.5000,    0.0000,  -13.5000,   27.0000,  4.019360,    48, 10000,    36,    24,
   25.0000,    0.0000,  -14.6250,   29.2500,  1.486662,    48, 10000,    35,    22,
   26.5000,    0.0000,  -15.7500,   31.5000,  0.439646,    48, 10000,    34,    20,
   28.0000,    0.0000,  -16.8750,   33.7500,  0.463848,    48, 10000,    33,    18,
   29.5000,    0.0000,  -18.0000,   36.0000,  2.038597,    48, 10000,    32,    16,
   31.0000,    0.0000,  -19.1250,   38.2500,  3.810702,    48, 10000,    31,    14,
   32.5000,    0.0000,  -20.2500,   40.5000,  1.480241,    48, 10000,    30,    12,
   34.0000,    0.0000,  -21.3750,   42.7500,  0.405081,    48, 10000,    29,    10,
   35.5000,    0.0000,  -22.5000,   45.0000,  1.272539,    48, 10000,    28,     8,
   37.0000,    0.0000,  -23.6250,   47.2500,  3.876017,    48, 10000,    27,     6,
   38.5000,    0.0000,  -24.7500,   49.5000,  4.219048,    48, 10000,    26,     4,
   40.0000,    0.0000,  -25.8750,   51.7500,  3.559082,    48, 10000,    25,     2,
   74.5000,    0.0000,   -1.1250,    2.2500, 34.490765,     1, 10000,     2,     3,
   73.0000,    0.0000,   -2.2500,    4.5000, 14.511400,     1, 10000,     3,     5,
   71.5000,    0.0000,   -3.3750,    6.7500,  6.314494,     1, 10000,     4,     7,
   70.0000,    0.0000,   -4.5000,    9.0000,  7.145162,     1, 10000,     5,     9,
   68.5000,    0.0000,   -5.6250,   11.2500,  6.999570,     1, 10000,     6,    11,
   67.0000,    0.0000,   -6.7500,   13.5000,  8.454346,     1, 10000,     7,    13,
   65.5000,    0.0000,   -7.8750,   15.7500,  5.118237,     1, 10000,     8,    15,
   64.0000,    0.0000,   -9.0000,   18.0000, 10.596283,     1, 10000,     9,    17,
   62.5000,    0.0000,  -10.1250,   20.2500,  9.869128,     1, 10000,    10,    19,
   61.0000,    0.0000,  -11.2500,   22.5000,  9.812189,     1, 10000,    11,    21,
   59.5000,    0.0000,  -12.3750,   24.7500,  6.849506,     1, 10000,    12,    23,
   58.0000,    0.0000,  -13.5000,   27.0000,  6.471078,     1, 10000,    13,    25,
   56.5000,    0.0000,  -14.6250,   29.2500,  7.527184,     1, 10000,    14,    27,
   55.0000,    0.0000,  -15.7500,   31.5000,  8.127053,     1, 10000,    15,    29,
   53.5000,    0.0000,  -16.8750,   33.7500,  5.534868,     1, 10000,    16,    31,
   52.0000,    0.0000,  -18.0000,   36.0000,  4.886944,     1, 10000,    17,    33,
   50.5000,    0.0000,  -19.1250,   38.2500,  4.704129,     1, 10000,    18,    35,
   49.0000,    0.0000,  -20.2500,   40.5000,  8.757867,     1, 10000,    19,    37,
   47.5000,    0.0000,  -21.3750,   42.7500,  7.932280,     1, 10000,    20,    39,
   46.0000,    0.0000,  -22.5000,   45.0000,  7.469261,     1, 10000,    21,    41,
   44.5000,    0.0000,  -23.6250,   47.2500,  4.862347,     1, 10000,    22,    43,
   43.0000,    0.0000,  -24.7500,   49.5000,  6.076025,     1, 10000,    23,    45,
   41.5000,    0.0000,  -25.8750,   51.7500,  5.261445,     1, 10000,    24,    47,
   73.0000,    0.0000,   -1.1250,    2.2500, 38.403194,     2, 10000,     3,     4,
   71.5000,    0.0000,   -2.2500,    4.5000,  8.244069,     2, 10000,     4,     6,
   70.0000,    0.0000,   -3.3750,    6.7500,  9.610628,     2, 10000,     5,     8,
   68.5000,    0.0000,   -4.5000,    9.0000,  6.931098,     2, 10000,     6,    10,
   67.0000,    0.0000,   -5.6250,   11.2500,  8.856009,     2, 10000,     7,    12,
   65.5000,    0.0000,   -6.7500,   13.5000,  4.994044,     2, 10000,     8,    14,
   64.0000,    0.0000,   -7.8750,   15.7500, 10.887010,     2, 10000,     9,    16,
   62.5000,    0.0000,   -9.0000,   18.0000, 12.779963,     2, 10000,    10,    18,
   61.0000,    0.0000,  -10.1250,   20.2500, 10.912089,     2, 10000,    11,    20,
   59.5000,    0.0000,  -11.2500,   22.5000,  8.490665,     2, 10000,    12,    22,
   58.0000,    0.0000,  -12.3750,   24.7500,  6.970687,     2, 10000,    13,    24,
   56.5000,    0.0000,  -13.5000,   27.0000,  8.155687,     2, 10000,    14,    26,
   55.0000,    0.0000,  -14.6250,   29.2500,  8.630014,     2, 10000,    15,    28,
   53.5000,    0.0000,  -15.7500,   31.5000,  6.822247,     2, 10000,    16,    30,
   52.0000,    0.0000,  -16.8750,   33.7500,  4.573446,     2, 10000,    17,    32,
   50.5000,    0.0000,  -18.0000,   36.0000,  6.594932,     2, 10000,    18,    34,
   49.0000,    0.0000,  -19.1250,   38.2500,  7.988878,     2, 10000,    19,    36,
   47.5000,    0.0000,  -20.2500,   40.5000,  8.246757,     2, 10000,    20,    38,
   46.0000,    0.0000,  -21.3750,   42.7500,  7.910023,     2, 10000,    21,    40,
   44.5000,    0.0000,  -22.5000,   45.0000,  5.516926,     2, 10000,    22,    42,
   43.0000,    0.0000,  -23.6250,   47.2500,  6.193202,     2, 10000,    23,    44,
   41.5000,    0.0000,  -24.7500,   49.5000,  5.512944,     2, 10000,    24,    46,
   40.0000,    0.0000,  -25.8750,   51.7500,  4.762471,     2, 10000,    25,    48,
   71.5000,    0.0000,   -1.1250,    2.2500, 30.687223,     3, 10000,     4,     5,
   70.0000,    0.0000,   -2.2500,    4.5000,  6.296860,     3, 10000,     5,     7,
   68.5000,    0.0000,   -3.3750,    6.7500,  6.584921,     3, 10000,     6,     9,
   67.0000,    0.0000,   -4.5000,    9.0000,  6.275835,     3, 10000,     7,    11,
   65.5000,    0.0000,   -5.6250,   11.2500,  4.679129,     3, 10000,     8,    13,
   64.0000,    0.0000,   -6.7500,   13.5000,  9.052176,     3, 10000,     9,    15,
   62.5000,    0.0000,   -7.8750,   15.7500, 12.154483,     3, 10000,    10,    17,
   61.0000,    0.0000,   -9.0000,   18.0000,  9.870525,     3, 10000,    11,    19,
   59.5000,    0.0000,  -10.1250,   20.2500,  6.511845,     3, 10000,    12,    21,
   58.0000,    0.0000,  -11.2500,   22.5000,  6.002279,     3, 10000,    13,    23,
   56.5000,    0.0000,  -12.3750,   24.7500,  7.353176,     3, 10000,    14,    25,
   55.0000,    0.0000,  -13.5000,   27.0000,  6.682374,     3, 10000,    15,    27,
   53.5000,    0.0000,  -14.6250,   29.2500,  6.356870,     3, 10000,    16,    29,
   52.0000,    0.0000,  -15.7500,   31.5000,  3.424634,     3, 10000,    17,    31,
   50.5000,    0.0000,  -16.8750,   33.7500,  5.576562,     3, 10000,    18,    33,
   49.0000,    0.0000,  -18.0000,   36.0000,  7.486343,     3, 10000,    19,    35,
   47.5000,    0.0000,  -19.1250,   38.2500,  7.073413,     3, 10000,    20,    37,
   46.0000,    0.0000,  -20.2500,   40.5000,  6.584319,     3, 10000,    21,    39,
   44.5000,    0.0000,  -21.3750,   42.7500,  4.603420,     3, 10000,    22,    41,
   43.0000,    0.0000,  -22.5000,   45.0000,  5.541384,     3, 10000,    23,    43,
   41.5000,    0.0000,  -23.6250,   47.2500,  4.941341,     3, 10000,    24,    45,
   40.0000,    0.0000,  -24.7500,   49.5000,  4.409988,     3, 10000,    25,    47,
   70.0000,    0.0000,   -1.1250,    2.2500,  8.669683,     4, 10000,     5,     6,
   68.5000,    0.0000,   -2.2500,    4.5000, 13.907874,     4, 10000,     6,     8,
   67.0000,    0.0000,   -3.3750,    6.7500, 14.581379,     4, 10000,     7,    10,
   65.5000,    0.0000,   -4.5000,    9.0000,  6.544798,     4, 10000,     8,    12,
   64.0000,    0.0000,   -5.6250,   11.2500,  9.976720,     4, 10000,     9,    14,
   62.5000,    0.0000,   -6.7500,   13.5000, 12.221815,     4, 10000,    10,    16,
   61.0000,    0.0000,   -7.8750,   15.7500, 11.625443,     4, 10000,    11,    18,
   59.5000,    0.0000,   -9.0000,   18.0000,  6.565946,     4, 10000,    12,    20,
   58.0000,    0.0000,  -10.1250,   20.2500,  6.921538,     4, 10000,    13,    22,
   56.5000,    0.0000,  -11.2500,   22.5000,  7.545942,     4, 10000,    14,    24,
   55.0000,    0.0000,  -12.3750,   24.7500,  6.886379,     4, 10000,    15,    26,
   53.5000,    0.0000,  -13.5000,   27.0000,  6.281242,     4, 10000,    16,    28,
   52.0000,    0.0000,  -14.6250,   29.2500,  4.122295,     4, 10000,    17,    30,
   50.5000,    0.0000,  -15.7500,   31.5000,  5.291728,     4, 10000,    18,    32,
   49.0000,    0.0000,  -16.8750,   33.7500,  8.568145,     4, 10000,    19,    34,
   47.5000,    0.0000,  -18.0000,   36.0000,  7.462276,     4, 10000,    20,    36,
   46.0000,    0.0000,  -19.1250,   38.2500,  6.793724,     4, 10000,    21,    38,
   44.5000,    0.0000,  -20.2500,   40.5000,  4.771639,     4, 10000,    22,    40,
   43.0000,    0.0000,  -21.3750,   42.7500,  6.229469,     4, 10000,    23,    42,
   41.5000,    0.0000,  -22.5000,   45.0000,  5.234746,     4, 10000,    24,    44,
   40.0000,    0.0000,  -23.6250,   47.2500,  4.565628,     4, 10000,    25,    46,
   38.5000,    0.0000,  -24.7500,   49.5000,  4.459017,     4, 10000,    26,    48,
   68.5000,    0.0000,   -1.1250,    2.2500, 33.901237,     5, 10000,     6,     7,
   67.0000,    0.0000,   -2.2500,    4.5000, 16.672014,     5, 10000,     7,     9,
   65.5000,    0.0000,   -3.3750,    6.7500,  3.814859,     5, 10000,     8,    11,
   64.0000,    0.0000,   -4.5000,    9.0000, 14.438410,     5, 10000,     9,    13,
   62.5000,    0.0000,   -5.6250,   11.2500, 16.069832,     5, 10000,    10,    15,
   61.0000,    0.0000,   -6.7500,   13.5000, 17.425264,     5, 10000,    11,    17,
   59.5000,    0.0000,   -7.8750,   15.7500,  9.587032,     5, 10000,    12,    19,
   58.0000,    0.0000,   -9.0000,   18.0000,  8.184841,     5, 10000,    13,    21,
   56.5000,    0.0000,  -10.1250,   20.2500, 10.396323,     5, 10000,    14,    23,
   55.0000,    0.0000,  -11.2500,   22.5000, 10.018188,     5, 10000,    15,    25,
   53.5000,    0.0000,  -12.3750,   24.7500,  7.626266,     5, 10000,    16,    27,
   52.0000,    0.0000,  -13.5000,   27.0000,  6.246155,     5, 10000,    17,    29,
   50.5000,    0.0000,  -14.6250,   29.2500,  6.387502,     5, 10000,    18,    31,
   49.0000,    0.0000,  -15.7500,   31.5000,  9.772414,     5, 10000,    19,    33,
   47.5000,    0.0000,  -16.8750,   33.7500, 10.578108,     5, 10000,    20,    35,
   46.0000,    0.0000,  -18.0000,   36.0000,  9.063498,     5, 10000,    21,    37,
   44.5000,    0.0000,  -19.1250,   38.2500,  6.006501,     5, 10000,    22,    39,
   43.0000,    0.0000,  -20.2500,   40.5000,  8.427555,     5, 10000,    23,    41,
   41.5000,    0.0000,  -21.3750,   42.7500,  7.260304,     5, 10000,    24,    43,
   40.0000,    0.0000,  -22.5000,   45.0000,  5.931490,     5, 10000,    25,    45,
   38.5000,    0.0000,  -23.6250,   47.2500,  6.459691,     5, 10000,    26,    47,
   67.0000,    0.0000,   -1.1250,    2.2500, 46.505955,     6, 10000,     7,     8,
   65.5000,    0.0000,   -2.2500,    4.5000,  5.139779,     6, 10000,     8,    10,
   64.0000,    0.0000,   -3.3750,    6.7500, 14.460046,     6, 10000,     9,    12,
   62.5000,    0.0000,   -4.5000,    9.0000, 15.069696,     6, 10000,    10,    14,
   61.0000,    0.0000,   -5.6250,   11.2500, 14.969672,     6, 10000,    11,    16,
   59.5000,    0.0000,   -6.7500,   13.5000,  9.739058,     6, 10000,    12,    18,
   58.0000,    0.0000,   -7.8750,   15.7500,  7.140485,     6, 10000,    13,    20,
   56.5000,    0.0000,   -9.0000,   18.0000, 10.693715,     6, 10000,    14,    22,
   55.0000,    0.0000,  -10.1250,   20.2500,  9.233336,     6, 10000,    15,    24,
   53.5000,    0.0000,  -11.2500,   22.5000,  7.064697,     6, 10000,    16,    26,
   52.0000,    0.0000,  -12.3750,   24.7500,  5.398875,     6, 10000,    17,    28,
   50.5000,    0.0000,  -13.5000,   27.0000,  6.748790,     6, 10000,    18,    30,
   49.0000,    0.0000,  -14.6250,   29.2500,  7.840672,     6, 10000,    19,    32,
   47.5000,    0.0000,  -15.7500,   31.5000, 10.057564,     6, 10000,    20,    34,
   46.0000,    0.0000,  -16.8750,   33.7500,  8.617689,     6, 10000,    21,    36,
   44.5000,    0.0000,  -18.0000,   36.0000,  5.428213,     6, 10000,    22,    38,
   43.0000,    0.0000,  -19.1250,   38.2500,  7.661012,     6, 10000,    23,    40,
   41.5000,    0.0000,  -20.2500,   40.5000,  7.359179,     6, 10000,    24,    42,
   40.0000,    0.0000,  -21.3750,   42.7500,  5.779268,     6, 10000,    25,    44,
   38.5000,    0.0000,  -22.5000,   45.0000,  5.973949,     6, 10000,    26,    46,
   37.0000,    0.0000,  -23.6250,   47.2500,  5.474373,     6, 10000,    27,    48,
   65.5000,    0.0000,   -1.1250,    2.2500, 12.248297,     7, 10000,     8,     9,
   64.0000,    0.0000,   -2.2500,    4.5000, 19.076979,     7, 10000,     9,    11,
   62.5000,    0.0000,   -3.3750,    6.7500, 17.380848,     7, 10000,    10,    13,
   61.0000,    0.0000,   -4.5000,    9.0000, 13.246063,     7, 10000,    11,    15,
   59.5000,    0.0000,   -5.6250,   11.2500,  9.406153,     7, 10000,    12,    17,
   58.0000,    0.0000,   -6.7500,   13.5000,  6.976835,     7, 10000,    13,    19,
   56.5000,    0.0000,   -7.8750,   15.7500,  8.303877,     7, 10000,    14,    21,
   55.0000,    0.0000,   -9.0000,   18.0000,  8.240850,     7, 10000,    15,    23,
   53.5000,    0.0000,  -10.1250,   20.2500,  6.668077,     7, 10000,    16,    25,
   52.0000,    0.0000,  -11.2500,   22.5000,  3.795859,     7, 10000,    17,    27,
   50.5000,    0.0000,  -12.3750,   24.7500,  6.583810,     7, 10000,    18,    29,
   49.0000,    0.0000,  -13.5000,   27.0000,  6.451778,     7, 10000,    19,    31,
   47.5000,    0.0000,  -14.6250,   29.2500,  8.948626,     7, 10000,    20,    33,
   46.0000,    0.0000,  -15.7500,   31.5000,  8.143151,     7, 10000,    21,    35,
   44.5000,    0.0000,  -16.8750,   33.7500,  4.772857,     7, 10000,    22,    37,
   43.0000,    0.0000,  -18.0000,   36.0000,  6.701312,     7, 10000,    23,    39,
   41.5000,    0.0000,  -19.1250,   38.2500,  6.603048,     7, 10000,    24,    41,
   40.0000,    0.0000,  -20.2500,   40.5000,  5.568729,     7, 10000,    25,    43,
   38.5000,    0.0000,  -21.3750,   42.7500,  5.460706,     7, 10000,    26,    45,
   37.0000,    0.0000,  -22.5000,   45.0000,  5.065687,     7, 10000,    27,    47,
   64.0000,    0.0000,   -1.1250,    2.2500, 61.118324,     8, 10000,     9,    10,
   62.5000,    0.0000,   -2.2500,    4.5000, 32.180126,     8, 10000,    10,    12,
   61.0000,    0.0000,   -3.3750,    6.7500, 14.427912,     8, 10000,    11,    14,
   59.5000,    0.0000,   -4.5000,    9.0000,  6.011115,     8, 10000,    12,    16,
   58.0000,    0.0000,   -5.6250,   11.2500,  4.615860,     8, 10000,    13,    18,
   56.5000,    0.0000,   -6.7500,   13.5000,  5.203912,     8, 10000,    14,    20,
   55.0000,    0.0000,   -7.8750,   15.7500,  5.704255,     8, 10000,    15,    22,
   53.5000,    0.0000,   -9.0000,   18.0000,  4.159601,     8, 10000,    16,    24,
   52.0000,    0.0000,  -10.1250,   20.2500,  2.537918,     8, 10000,    17,    26,
   50.5000,    0.0000,  -11.2500,   22.5000,  4.191310,     8, 10000,    18,    28,
   49.0000,    0.0000,  -12.3750,   24.7500,  4.679115,     8, 10000,    19,    30,
   47.5000,    0.0000,  -13.5000,   27.0000,  5.568385,     8, 10000,    20,    32,
   46.0000,    0.0000,  -14.6250,   29.2500,  5.325434,     8, 10000,    21,    34,
   44.5000,    0.0000,  -15.7500,   31.5000,  3.138136,     8, 10000,    22,    36,
   43.0000,    0.0000,  -16.8750,   33.7500,  4.269034,     8, 10000,    23,    38,
   41.5000,    0.0000,  -18.0000,   36.0000,  4.078304,     8, 10000,    24,    40,
   40.0000,    0.0000,  -19.1250,   38.2500,  3.707395,     8, 10000,    25,    42,
   38.5000,    0.0000,  -20.2500,   40.5000,  3.730894,     8, 10000,    26,    44,
   37.0000,    0.0000,  -21.3750,   42.7500,  3.432027,     8, 10000,    27,    46,
   35.5000,    0.0000,  -22.5000,   45.0000,  2.076212,     8, 10000,    28,    48,
   62.5000,    0.0000,   -1.1250,    2.2500, 78.764542,     9, 10000,    10,    11,
   61.0000,    0.0000,   -2.2500,    4.5000, 39.233288,     9, 10000,    11,    13,
   59.5000,    0.0000,   -3.3750,    6.7500,  9.378054,     9, 10000,    12,    15,
   58.0000,    0.0000,   -4.5000,    9.0000,  7.613639,     9, 10000,    13,    17,
   56.5000,    0.0000,   -5.6250,   11.2500,  8.510978,     9, 10000,    14,    19,
   55.0000,    0.0000,   -6.7500,   13.5000,  7.365522,     9, 10000,    15,    21,
   53.5000,    0.0000,   -7.8750,   15.7500,  6.322733,     9, 10000,    16,    23,
   52.0000,    0.0000,   -9.0000,   18.0000,  3.938784,     9, 10000,    17,    25,
   50.5000,    0.0000,  -10.1250,   20.2500,  5.572442,     9, 10000,    18,    27,
   49.0000,    0.0000,  -11.2500,   22.5000,  8.348189,     9, 10000,    19,    29,
   47.5000,    0.0000,  -12.3750,   24.7500,  8.644785,     9, 10000,    20,    31,
   46.0000,    0.0000,  -13.5000,   27.0000,  9.211213,     9, 10000,    21,    33,
   44.5000,    0.0000,  -14.6250,   29.2500,  5.713635,     9, 10000,    22,    35,
   43.0000,    0.0000,  -15.7500,   31.5000,  7.325687,     9, 10000,    23,    37,
   41.5000,    0.0000,  -16.8750,   33.7500,  7.120843,     9, 10000,    24,    39,
   40.0000,    0.0000,  -18.0000,   36.0000,  6.917963,     9, 10000,    25,    41,
   38.5000,    0.0000,  -19.1250,   38.2500,  6.749135,     9, 10000,    26,    43,
   37.0000,    0.0000,  -20.2500,   40.5000,  5.627546,     9, 10000,    27,    45,
   35.5000,    0.0000,  -21.3750,   42.7500,  3.140181,     9, 10000,    28,    47,
   61.0000,    0.0000,   -1.1250,    2.2500, 73.129013,    10, 10000,    11,    12,
   59.5000,    0.0000,   -2.2500,    4.5000, 14.256240,    10, 10000,    12,    14,
   58.0000,    0.0000,   -3.3750,    6.7500,  6.190170,    10, 10000,    13,    16,
   56.5000,    0.0000,   -4.5000,    9.0000,  9.580089,    10, 10000,    14,    18,
   55.0000,    0.0000,   -5.6250,   11.2500,  7.564301,    10, 10000,    15,    20,
   53.5000,    0.0000,   -6.7500,   13.5000,  8.279976,    10, 10000,    16,    22,
   52.0000,    0.0000,   -7.8750,   15.7500,  3.857382,    10, 10000,    17,    24,
   50.5000,    0.0000,   -9.0000,   18.0000,  5.841630,    10, 10000,    18,    26,
   49.0000,    0.0000,  -10.1250,   20.2500,  8.762135,    10, 10000,    19,    28,
   47.5000,    0.0000,  -11.2500,   22.5000, 10.823313,    10, 10000,    20,    30,
   46.0000,    0.0000,  -12.3750,   24.7500,  9.593389,    10, 10000,    21,    32,
   44.5000,    0.0000,  -13.5000,   27.0000,  6.561214,    10, 10000,    22,    34,
   43.0000,    0.0000,  -14.6250,   29.2500,  8.380688,    10, 10000,    23,    36,
   41.5000,    0.0000,  -15.7500,   31.5000,  7.867585,    10, 10000,    24,    38,
   40.0000,    0.0000,  -16.8750,   33.7500,  7.609234,    10, 10000,    25,    40,
   38.5000,    0.0000,  -18.0000,   36.0000,  8.390768,    10, 10000,    26,    42,
   37.0000,    0.0000,  -19.1250,   38.2500,  6.577461,    10, 10000,    27,    44,
   35.5000,    0.0000,  -20.2500,   40.5000,  3.194817,    10, 10000,    28,    46,
   34.0000,    0.0000,  -21.3750,   42.7500,  2.156577,    10, 10000,    29,    48,
   59.5000,    0.0000,   -1.1250,    2.2500, 34.564720,    11, 10000,    12,    13,
   58.0000,    0.0000,   -2.2500,    4.5000,  4.758824,    11, 10000,    13,    15,
   56.5000,    0.0000,   -3.3750,    6.7500,  8.966347,    11, 10000,    14,    17,
   55.0000,    0.0000,   -4.5000,    9.0000,  7.642331,    11, 10000,    15,    19,
   53.5000,    0.0000,   -5.6250,   11.2500,  5.702363,    11, 10000,    16,    21,
   52.0000,    0.0000,   -6.7500,   13.5000,  3.139181,    11, 10000,    17,    23,
   50.5000,    0.0000,   -7.8750,   15.7500,  5.528125,    11, 10000,    18,    25,
   49.0000,    0.0000,   -9.0000,   18.0000,  6.708844,    11, 10000,    19,    27,
   47.5000,    0.0000,  -10.1250,   20.2500, 10.740709,    11, 10000,    20,    29,
   46.0000,    0.0000,  -11.2500,   22.5000,  8.225668,    11, 10000,    21,    31,
   44.5000,    0.0000,  -12.3750,   24.7500,  5.940331,    11, 10000,    22,    33,
   43.0000,    0.0000,  -13.5000,   27.0000,  8.339337,    11, 10000,    23,    35,
   41.5000,    0.0000,  -14.6250,   29.2500,  7.318772,    11, 10000,    24,    37,
   40.0000,    0.0000,  -15.7500,   31.5000,  6.855443,    11, 10000,    25,    39,
   38.5000,    0.0000,  -16.8750,   33.7500,  7.806999,    11, 10000,    26,    41,
   37.0000,    0.0000,  -18.0000,   36.0000,  6.581891,    11, 10000,    27,    43,
   35.5000,    0.0000,  -19.1250,   38.2500,  2.949108,    11, 10000,    28,    45,
   34.0000,    0.0000,  -20.2500,   40.5000,  2.018749,    11, 10000,    29,    47,
   58.0000,    0.0000,   -1.1250,    2.2500,  8.431871,    12, 10000,    13,    14,
   56.5000,    0.0000,   -2.2500,    4.5000,  4.239033,    12, 10000,    14,    16,
   55.0000,    0.0000,   -3.3750,    6.7500,  5.077084,    12, 10000,    15,    18,
   53.5000,    0.0000,   -4.5000,    9.0000,  3.434486,    12, 10000,    16,    20,
   52.0000,    0.0000,   -5.6250,   11.2500,  2.574774,    12, 10000,    17,    22,
   50.5000,    0.0000,   -6.7500,   13.5000,  3.155164,    12, 10000,    18,    24,
   49.0000,    0.0000,   -7.8750,   15.7500,  4.160333,    12, 10000,    19,    26,
   47.5000,    0.0000,   -9.0000,   18.0000,  6.208013,    12, 10000,    20,    28,
   46.0000,    0.0000,  -10.1250,   20.2500,  5.448146,    12, 10000,    21,    30,
   44.5000,    0.0000,  -11.2500,   22.5000,  3.041106,    12, 10000,    22,    32,
   43.0000,    0.0000,  -12.3750,   24.7500,  4.955411,    12, 10000,    23,    34,
   41.5000,    0.0000,  -13.5000,   27.0000,  4.406464,    12, 10000,    24,    36,
   40.0000,    0.0000,  -14.6250,   29.2500,  3.972226,    12, 10000,    25,    38,
   38.5000,    0.0000,  -15.7500,   31.5000,  4.242009,    12, 10000,    26,    40,
   37.0000,    0.0000,  -16.8750,   33.7500,  3.927713,    12, 10000,    27,    42,
   35.5000,    0.0000,  -18.0000,   36.0000,  2.212410,    12, 10000,    28,    44,
   34.0000,    0.0000,  -19.1250,   38.2500,  1.654523,    12, 10000,    29,    46,
   32.5000,    0.0000,  -20.2500,   40.5000,  2.164816,    12, 10000,    30,    48,
   56.5000,    0.0000,   -1.1250,    2.2500,  6.318580,    13, 10000,    14,    15,
   55.0000,    0.0000,   -2.2500,    4.5000,  1.260757,    13, 10000,    15,    17,
   53.5000,    0.0000,   -3.3750,    6.7500,  1.309747,    13, 10000,    16,    19,
   52.0000,    0.0000,   -4.5000,    9.0000,  1.052745,    13, 10000,    17,    21,
   50.5000,    0.0000,   -5.6250,   11.2500,  2.308824,    13, 10000,    18,    23,
   49.0000,    0.0000,   -6.7500,   13.5000,  3.505465,    13, 10000,    19,    25,
   47.5000,    0.0000,   -7.8750,   15.7500,  4.343631,    13, 10000,    20,    27,
   46.0000,    0.0000,   -9.0000,   18.0000,  4.468009,    13, 10000,    21,    29,
   44.5000,    0.0000,  -10.1250,   20.2500,  2.096819,    13, 10000,    22,    31,
   43.0000,    0.0000,  -11.2500,   22.5000,  3.672858,    13, 10000,    23,    33,
   41.5000,    0.0000,  -12.3750,   24.7500,  3.483303,    13, 10000,    24,    35,
   40.0000,    0.0000,  -13.5000,   27.0000,  3.021715,    13, 10000,    25,    37,
   38.5000,    0.0000,  -14.6250,   29.2500,  3.141194,    13, 10000,    26,    39,
   37.0000,    0.0000,  -15.7500,   31.5000,  2.850012,    13, 10000,    27,    41,
   35.5000,    0.0000,  -16.8750,   33.7500,  1.834583,    13, 10000,    28,    43,
   34.0000,    0.0000,  -18.0000,   36.0000,  1.686217,    13, 10000,    29,    45,
   32.5000,    0.0000,  -19.1250,   38.2500,  2.072414,    13, 10000,    30,    47,
   55.0000,    0.0000,   -1.1250,    2.2500,  7.574624,    14, 10000,    15,    16,
   53.5000,    0.0000,   -2.2500,    4.5000,  1.868198,    14, 10000,    16,    18,
   52.0000,    0.0000,   -3.3750,    6.7500,  2.815664,    14, 10000,    17,    20,
   50.5000,    0.0000,   -4.5000,    9.0000,  3.921044,    14, 10000,    18,    22,
   49.0000,    0.0000,   -5.6250,   11.2500,  4.111391,    14, 10000,    19,    24,
   47.5000,    0.0000,   -6.7500,   13.5000,  5.818189,    14, 10000,    20,    26,
   46.0000,    0.0000,   -7.8750,   15.7500,  6.093029,    14, 10000,    21,    28,
   44.5000,    0.0000,   -9.0000,   18.0000,  3.312136,    14, 10000,    22,    30,
   43.0000,    0.0000,  -10.1250,   20.2500,  4.871928,    14, 10000,    23,    32,
   41.5000,    0.0000,  -11.2500,   22.5000,  5.131539,    14, 10000,    24,    34,
   40.0000,    0.0000,  -12.3750,   24.7500,  4.326464,    14, 10000,    25,    36,
   38.5000,    0.0000,  -13.5000,   27.0000,  4.472462,    14, 10000,    26,    38,
   37.0000,    0.0000,  -14.6250,   29.2500,  4.208911,    14, 10000,    27,    40,
   35.5000,    0.0000,  -15.7500,   31.5000,  2.529325,    14, 10000,    28,    42,
   34.0000,    0.0000,  -16.8750,   33.7500,  1.653682,    14, 10000,    29,    44,
   32.5000,    0.0000,  -18.0000,   36.0000,  2.336157,    14, 10000,    30,    46,
   31.0000,    0.0000,  -19.1250,   38.2500,  3.112694,    14, 10000,    31,    48,
   53.5000,    0.0000,   -1.1250,    2.2500,  2.186139,    15, 10000,    16,    17,
   52.0000,    0.0000,   -2.2500,    4.5000,  5.661514,    15, 10000,    17,    19,
   50.5000,    0.0000,   -3.3750,    6.7500,  2.082024,    15, 10000,    18,    21,
   49.0000,    0.0000,   -4.5000,    9.0000,  2.764512,    15, 10000,    19,    23,
   47.5000,    0.0000,   -5.6250,   11.2500,  4.588960,    15, 10000,    20,    25,
   46.0000,    0.0000,   -6.7500,   13.5000,  4.098816,    15, 10000,    21,    27,
   44.5000,    0.0000,   -7.8750,   15.7500,  2.770196,    15, 10000,    22,    29,
   43.0000,    0.0000,   -9.0000,   18.0000,  3.546406,    15, 10000,    23,    31,
   41.5000,    0.0000,  -10.1250,   20.2500,  3.895854,    15, 10000,    24,    33,
   40.0000,    0.0000,  -11.2500,   22.5000,  3.494744,    15, 10000,    25,    35,
   38.5000,    0.0000,  -12.3750,   24.7500,  3.450334,    15, 10000,    26,    37,
   37.0000,    0.0000,  -13.5000,   27.0000,  3.157589,    15, 10000,    27,    39,
   35.5000,    0.0000,  -14.6250,   29.2500,  1.918591,    15, 10000,    28,    41,
   34.0000,    0.0000,  -15.7500,   31.5000,  1.420646,    15, 10000,    29,    43,
   32.5000,    0.0000,  -16.8750,   33.7500,  1.969444,    15, 10000,    30,    45,
   31.0000,    0.0000,  -18.0000,   36.0000,  2.614524,    15, 10000,    31,    47,
   52.0000,    0.0000,   -1.1250,    2.2500,  1.698884,    16, 10000,    17,    18,
   50.5000,    0.0000,   -2.2500,    4.5000,  0.298321,    16, 10000,    18,    20,
   49.0000,    0.0000,   -3.3750,    6.7500,  0.294691,    16, 10000,    19,    22,
   47.5000,    0.0000,   -4.5000,    9.0000,  0.327681,    16, 10000,    20,    24,
   46.0000,    0.0000,   -5.6250,   11.2500,  0.313123,    16, 10000,    21,    26,
   44.5000,    0.0000,   -6.7500,   13.5000,  0.059054,    16, 10000,    22,    28,
   43.0000,    0.0000,   -7.8750,   15.7500,  0.023948,    16, 10000,    23,    30,
   41.5000,    0.0000,   -9.0000,   18.0000,  0.020418,    16, 10000,    24,    32,
   40.0000,    0.0000,  -10.1250,   20.2500,  0.393584,    16, 10000,    25,    34,
   38.5000,    0.0000,  -11.2500,   22.5000,  0.360350,    16, 10000,    26,    36,
   37.0000,    0.0000,  -12.3750,   24.7500,  0.395455,    16, 10000,    27,    38,
   35.5000,    0.0000,  -13.5000,   27.0000,  0.294451,    16, 10000,    28,    40,
   34.0000,    0.0000,  -14.6250,   29.2500,  0.353125,    16, 10000,    29,    42,
   32.5000,    0.0000,  -15.7500,   31.5000,  0.345071,    16, 10000,    30,    44,
   31.0000,    0.0000,  -16.8750,   33.7500,  0.242669,    16, 10000,    31,    46,
   29.5000,    0.0000,  -18.0000,   36.0000,  0.519704,    16, 10000,    32,    48,
   50.5000,    0.0000,   -1.1250,    2.2500,  5.122747,    17, 10000,    18,    19,
   49.0000,    0.0000,   -2.2500,    4.5000,  2.291439,    17, 10000,    19,    21,
   47.5000,    0.0000,   -3.3750,    6.7500,  4.483857,    17, 10000,    20,    23,
   46.0000,    0.0000,   -4.5000,    9.0000,  4.325313,    17, 10000,    21,    25,
   44.5000,    0.0000,   -5.6250,   11.2500,  1.999075,    17, 10000,    22,    27,
   43.0000,    0.0000,   -6.7500,   13.5000,  5.103086,    17, 10000,    23,    29,
   41.5000,    0.0000,   -7.8750,   15.7500,  4.082031,    17, 10000,    24,    31,
   40.0000,    0.0000,   -9.0000,   18.0000,  4.358615,    17, 10000,    25,    33,
   38.5000,    0.0000,  -10.1250,   20.2500,  4.512264,    17, 10000,    26,    35,
   37.0000,    0.0000,  -11.2500,   22.5000,  3.945422,    17, 10000,    27,    37,
   35.5000,    0.0000,  -12.3750,   24.7500,  2.261389,    17, 10000,    28,    39,
   34.0000,    0.0000,  -13.5000,   27.0000,  1.842403,    17, 10000,    29,    41,
   32.5000,    0.0000,  -14.6250,   29.2500,  2.352071,    17, 10000,    30,    43,
   31.0000,    0.0000,  -15.7500,   31.5000,  3.245966,    17, 10000,    31,    45,
   29.5000,    0.0000,  -16.8750,   33.7500,  2.475297,    17, 10000,    32,    47,
   49.0000,    0.0000,   -1.1250,    2.2500, 19.932352,    18, 10000,    19,    20,
   47.5000,    0.0000,   -2.2500,    4.5000, 13.323648,    18, 10000,    20,    22,
   46.0000,    0.0000,   -3.3750,    6.7500,  6.589880,    18, 10000,    21,    24,
   44.5000,    0.0000,   -4.5000,    9.0000,  2.400581,    18, 10000,    22,    26,
   43.0000,    0.0000,   -5.6250,   11.2500,  7.428427,    18, 10000,    23,    28,
   41.5000,    0.0000,   -6.7500,   13.5000,  7.236010,    18, 10000,    24,    30,
   40.0000,    0.0000,   -7.8750,   15.7500,  6.324860,    18, 10000,    25,    32,
   38.5000,    0.0000,   -9.0000,   18.0000,  7.822981,    18, 10000,    26,    34,
   37.0000,    0.0000,  -10.1250,   20.2500,  6.719936,    18, 10000,    27,    36,
   35.5000,    0.0000,  -11.2500,   22.5000,  3.709987,    18, 10000,    28,    38,
   34.0000,    0.0000,  -12.3750,   24.7500,  3.056048,    18, 10000,    29,    40,
   32.5000,    0.0000,  -13.5000,   27.0000,  4.660568,    18, 10000,    30,    42,
   31.0000,    0.0000,  -14.6250,   29.2500,  5.768069,    18, 10000,    31,    44,
   29.5000,    0.0000,  -15.7500,   31.5000,  3.815139,    18, 10000,    32,    46,
   28.0000,    0.0000,  -16.8750,   33.7500,  1.364712,    18, 10000,    33,    48,
   47.5000,    0.0000,   -1.1250,    2.2500, 90.596863,    19, 10000,    20,    21,
   46.0000,    0.0000,   -2.2500,    4.5000, 16.138363,    19, 10000,    21,    23,
   44.5000,    0.0000,   -3.3750,    6.7500,  3.272691,    19, 10000,    22,    25,
   43.0000,    0.0000,   -4.5000,    9.0000,  7.209788,    19, 10000,    23,    27,
   41.5000,    0.0000,   -5.6250,   11.2500,  9.969306,    19, 10000,    24,    29,
   40.0000,    0.0000,   -6.7500,   13.5000,  6.851303,    19, 10000,    25,    31,
   38.5000,    0.0000,   -7.8750,   15.7500,  9.350172,    19, 10000,    26,    33,
   37.0000,    0.0000,   -9.0000,   18.0000,  8.674054,    19, 10000,    27,    35,
   35.5000,    0.0000,  -10.1250,   20.2500,  4.155645,    19, 10000,    28,    37,
   34.0000,    0.0000,  -11.2500,   22.5000,  3.127598,    19, 10000,    29,    39,
   32.5000,    0.0000,  -12.3750,   24.7500,  5.468058,    19, 10000,    30,    41,
   31.0000,    0.0000,  -13.5000,   27.0000,  7.078261,    19, 10000,    31,    43,
   29.5000,    0.0000,  -14.6250,   29.2500,  4.287670,    19, 10000,    32,    45,
   28.0000,    0.0000,  -15.7500,   31.5000,  2.013385,    19, 10000,    33,    47,
   46.0000,    0.0000,   -1.1250,    2.2500, 38.034782,    20, 10000,    21,    22,
   44.5000,    0.0000,   -2.2500,    4.5000,  3.573404,    20, 10000,    22,    24,
   43.0000,    0.0000,   -3.3750,    6.7500,  9.250084,    20, 10000,    23,    26,
   41.5000,    0.0000,   -4.5000,    9.0000, 12.846606,    20, 10000,    24,    28,
   40.0000,    0.0000,   -5.6250,   11.2500, 10.405259,    20, 10000,    25,    30,
   38.5000,    0.0000,   -6.7500,   13.5000, 10.675808,    20, 10000,    26,    32,
   37.0000,    0.0000,   -7.8750,   15.7500, 11.739420,    20, 10000,    27,    34,
   35.5000,    0.0000,   -9.0000,   18.0000,  5.465928,    20, 10000,    28,    36,
   34.0000,    0.0000,  -10.1250,   20.2500,  3.735405,    20, 10000,    29,    38,
   32.5000,    0.0000,  -11.2500,   22.5000,  6.859035,    20, 10000,    30,    40,
   31.0000,    0.0000,  -12.3750,   24.7500, 10.785759,    20, 10000,    31,    42,
   29.5000,    0.0000,  -13.5000,   27.0000,  6.133957,    20, 10000,    32,    44,
   28.0000,    0.0000,  -14.6250,   29.2500,  2.209067,    20, 10000,    33,    46,
   26.5000,    0.0000,  -15.7500,   31.5000,  1.567494,    20, 10000,    34,    48,
   44.5000,    0.0000,   -1.1250,    2.2500, 12.894492,    21, 10000,    22,    23,
   43.0000,    0.0000,   -2.2500,    4.5000,  3.448767,    21, 10000,    23,    25,
   41.5000,    0.0000,   -3.3750,    6.7500,  0.780199,    21, 10000,    24,    27,
   40.0000,    0.0000,   -4.5000,    9.0000, 10.294540,    21, 10000,    25,    29,
   38.5000,    0.0000,   -5.6250,   11.2500,  8.125808,    21, 10000,    26,    31,
   37.0000,    0.0000,   -6.7500,   13.5000,  7.266115,    21, 10000,    27,    33,
   35.5000,    0.0000,   -7.8750,   15.7500,  2.075294,    21, 10000,    28,    35,
   34.0000,    0.0000,   -9.0000,   18.0000,  0.735926,    21, 10000,    29,    37,
   32.5000,    0.0000,  -10.1250,   20.2500,  1.319868,    21, 10000,    30,    39,
   31.0000,    0.0000,  -11.2500,   22.5000,  4.876901,    21, 10000,    31,    41,
   29.5000,    0.0000,  -12.3750,   24.7500,  0.872017,    21, 10000,    32,    43,
   28.0000,    0.0000,  -13.5000,   27.0000,  1.971748,    21, 10000,    33,    45,
   26.5000,    0.0000,  -14.6250,   29.2500,  1.694709,    21, 10000,    34,    47,
   43.0000,    0.0000,   -1.1250,    2.2500,  9.548740,    22, 10000,    23,    24,
   41.5000,    0.0000,   -2.2500,    4.5000,  0.925641,    22, 10000,    24,    26,
   40.0000,    0.0000,   -3.3750,    6.7500,  3.590696,    22, 10000,    25,    28,
   38.5000,    0.0000,   -4.5000,    9.0000,  3.343315,    22, 10000,    26,    30,
   37.0000,    0.0000,   -5.6250,   11.2500,  2.946801,    22, 10000,    27,    32,
   35.5000,    0.0000,   -6.7500,   13.5000,  0.889585,    22, 10000,    28,    34,
   34.0000,    0.0000,   -7.8750,   15.7500,  0.070886,    22, 10000,    29,    36,
   32.5000,    0.0000,   -9.0000,   18.0000,  0.674485,    22, 10000,    30,    38,
   31.0000,    0.0000,  -10.1250,   20.2500,  1.785171,    22, 10000,    31,    40,
   29.5000,    0.0000,  -11.2500,   22.5000,  0.862959,    22, 10000,    32,    42,
   28.0000,    0.0000,  -12.3750,   24.7500,  1.398426,    22, 10000,    33,    44,
   26.5000,    0.0000,  -13.5000,   27.0000,  1.340076,    22, 10000,    34,    46,
   25.0000,    0.0000,  -14.6250,   29.2500,  1.313996,    22, 10000,    35,    48,
   41.5000,    0.0000,   -1.1250,    2.2500,  6.843306,    23, 10000,    24,    25,
   40.0000,    0.0000,   -2.2500,    4.5000,  6.093063,    23, 10000,    25,    27,
   38.5000,    0.0000,   -3.3750,    6.7500,  7.025000,    23, 10000,    26,    29,
   37.0000,    0.0000,   -4.5000,    9.0000,  4.763232,    23, 10000,    27,    31,
   35.5000,    0.0000,   -5.6250,   11.2500,  1.330294,    23, 10000,    28,    33,
   34.0000,    0.0000,   -6.7500,   13.5000,  0.045508,    23, 10000,    29,    35,
   32.5000,    0.0000,   -7.8750,   15.7500,  0.683581,    23, 10000,    30,    37,
   31.0000,    0.0000,   -9.0000,   18.0000,  2.840762,    23, 10000,    31,    39,
   29.5000,    0.0000,  -10.1250,   20.2500,  1.421117,    23, 10000,    32,    41,
   28.0000,    0.0000,  -11.2500,   22.5000,  2.364754,    23, 10000,    33,    43,
   26.5000,    0.0000,  -12.3750,   24.7500,  1.465684,    23, 10000,    34,    45,
   25.0000,    0.0000,  -13.5000,   27.0000,  1.611808,    23, 10000,    35,    47,
   40.0000,    0.0000,   -1.1250,    2.2500,  7.758149,    24, 10000,    25,    26,
   38.5000,    0.0000,   -2.2500,    4.5000,  4.682052,    24, 10000,    26,    28,
   37.0000,    0.0000,   -3.3750,    6.7500,  4.106069,    24, 10000,    27,    30,
   35.5000,    0.0000,   -4.5000,    9.0000,  1.512490,    24, 10000,    28,    32,
   34.0000,    0.0000,   -5.6250,   11.2500,  0.040013,    24, 10000,    29,    34,
   32.5000,    0.0000,   -6.7500,   13.5000,  0.528403,    24, 10000,    30,    36,
   31.0000,    0.0000,   -7.8750,   15.7500,  2.035554,    24, 10000,    31,    38,
   29.5000,    0.0000,   -9.0000,   18.0000,  0.860063,    24, 10000,    32,    40,
   28.0000,    0.0000,  -10.1250,   20.2500,  2.223370,    24, 10000,    33,    42,
   26.5000,    0.0000,  -11.2500,   22.5000,  1.431740,    24, 10000,    34,    44,
   25.0000,    0.0000,  -12.3750,   24.7500,  1.346485,    24, 10000,    35,    46,
   23.5000,    0.0000,  -13.5000,   27.0000,  1.962186,    24, 10000,    36,    48,
   38.5000,    0.0000,   -1.1250,    2.2500, 11.352165,    25, 10000,    26,    27,
   37.0000,    0.0000,   -2.2500,    4.5000, 11.719236,    25, 10000,    27,    29,
   35.5000,    0.0000,   -3.3750,    6.7500,  1.524161,    25, 10000,    28,    31,
   34.0000,    0.0000,   -4.5000,    9.0000,  0.915878,    25, 10000,    29,    33,
   32.5000,    0.0000,   -5.6250,   11.2500,  1.647360,    25, 10000,    30,    35,
   31.0000,    0.0000,   -6.7500,   13.5000,  4.454119,    25, 10000,    31,    37,
   29.5000,    0.0000,   -7.8750,   15.7500,  0.895547,    25, 10000,    32,    39,
   28.0000,    0.0000,   -9.0000,   18.0000,  5.781418,    25, 10000,    33,    41,
   26.5000,    0.0000,  -10.1250,   20.2500,  3.645606,    25, 10000,    34,    43,
   25.0000,    0.0000,  -11.2500,   22.5000,  1.921551,    25, 10000,    35,    45,
   23.5000,    0.0000,  -12.3750,   24.7500,  4.260097,    25, 10000,    36,    47,
   37.0000,    0.0000,   -1.1250,    2.2500, 21.288536,    26, 10000,    27,    28,
   35.5000,    0.0000,   -2.2500,    4.5000,  5.767529,    26, 10000,    28,    30,
   34.0000,    0.0000,   -3.3750,    6.7500,  0.862069,    26, 10000,    29,    32,
   32.5000,    0.0000,   -4.5000,    9.0000,  1.955184,    26, 10000,    30,    34,
   31.0000,    0.0000,   -5.6250,   11.2500,  5.531948,    26, 10000,    31,    36,
   29.5000,    0.0000,   -6.7500,   13.5000,  0.490318,    26, 10000,    32,    38,
   28.0000,    0.0000,   -7.8750,   15.7500,  6.249564,    26, 10000,    33,    40,
   26.5000,    0.0000,   -9.0000,   18.0000,  6.676280,    26, 10000,    34,    42,
   25.0000,    0.0000,  -10.1250,   20.2500,  3.598289,    26, 10000,    35,    44,
   23.5000,    0.0000,  -11.2500,   22.5000,  5.404939,    26, 10000,    36,    46,
   22.0000,    0.0000,  -12.3750,   24.7500,  5.607122,    26, 10000,    37,    48,
   35.5000,    0.0000,   -1.1250,    2.2500, 14.340573,    27, 10000,    28,    29,
   34.0000,    0.0000,   -2.2500,    4.5000,  1.537944,    27, 10000,    29,    31,
   32.5000,    0.0000,   -3.3750,    6.7500,  1.296849,    27, 10000,    30,    33,
   31.0000,    0.0000,   -4.5000,    9.0000,  6.294120,    27, 10000,    31,    35,
   29.5000,    0.0000,   -5.6250,   11.2500,  0.110702,    27, 10000,    32,    37,
   28.0000,    0.0000,   -6.7500,   13.5000,  5.048101,    27, 10000,    33,    39,
   26.5000,    0.0000,   -7.8750,   15.7500,  6.481630,    27, 10000,    34,    41,
   25.0000,    0.0000,   -9.0000,   18.0000,  4.715421,    27, 10000,    35,    43,
   23.5000,    0.0000,  -10.1250,   20.2500,  5.061574,    27, 10000,    36,    45,
   22.0000,    0.0000,  -11.2500,   22.5000,  5.290103,    27, 10000,    37,    47,
   34.0000,    0.0000,   -1.1250,    2.2500,  2.577176,    28, 10000,    29,    30,
   32.5000,    0.0000,   -2.2500,    4.5000,  1.816030,    28, 10000,    30,    32,
   31.0000,    0.0000,   -3.3750,    6.7500,  3.080724,    28, 10000,    31,    34,
   29.5000,    0.0000,   -4.5000,    9.0000,  0.123548,    28, 10000,    32,    36,
   28.0000,    0.0000,   -5.6250,   11.2500,  2.196041,    28, 10000,    33,    38,
   26.5000,    0.0000,   -6.7500,   13.5000,  2.670860,    28, 10000,    34,    40,
   25.0000,    0.0000,   -7.8750,   15.7500,  3.180701,    28, 10000,    35,    42,
   23.5000,    0.0000,   -9.0000,   18.0000,  3.155010,    28, 10000,    36,    44,
   22.0000,    0.0000,  -10.1250,   20.2500,  2.827667,    28, 10000,    37,    46,
   20.5000,    0.0000,  -11.2500,   22.5000,  2.645637,    28, 10000,    38,    48,
   32.5000,    0.0000,   -1.1250,    2.2500,  0.923227,    29, 10000,    30,    31,
   31.0000,    0.0000,   -2.2500,    4.5000,  1.724896,    29, 10000,    31,    33,
   29.5000,    0.0000,   -3.3750,    6.7500,  0.402435,    29, 10000,    32,    35,
   28.0000,    0.0000,   -4.5000,    9.0000,  1.131351,    29, 10000,    33,    37,
   26.5000,    0.0000,   -5.6250,   11.2500,  1.281579,    29, 10000,    34,    39,
   25.0000,    0.0000,   -6.7500,   13.5000,  1.764120,    29, 10000,    35,    41,
   23.5000,    0.0000,   -7.8750,   15.7500,  2.034913,    29, 10000,    36,    43,
   22.0000,    0.0000,   -9.0000,   18.0000,  1.745162,    29, 10000,    37,    45,
   20.5000,    0.0000,  -10.1250,   20.2500,  1.660221,    29, 10000,    38,    47,
   31.0000,    0.0000,   -1.1250,    2.2500,  6.778511,    30, 10000,    31,    32,
   29.5000,    0.0000,   -2.2500,    4.5000,  1.087341,    30, 10000,    32,    34,
   28.0000,    0.0000,   -3.3750,    6.7500,  2.202845,    30, 10000,    33,    36,
   26.5000,    0.0000,   -4.5000,    9.0000,  2.235829,    30, 10000,    34,    38,
   25.0000,    0.0000,   -5.6250,   11.2500,  3.103474,    30, 10000,    35,    40,
   23.5000,    0.0000,   -6.7500,   13.5000,  5.176880,    30, 10000,    36,    42,
   22.0000,    0.0000,   -7.8750,   15.7500,  3.701788,    30, 10000,    37,    44,
   20.5000,    0.0000,   -9.0000,   18.0000,  3.064196,    30, 10000,    38,    46,
   19.0000,    0.0000,  -10.1250,   20.2500,  2.480005,    30, 10000,    39,    48,
   29.5000,    0.0000,   -1.1250,    2.2500,  9.418561,    31, 10000,    32,    33,
   28.0000,    0.0000,   -2.2500,    4.5000,  7.182359,    31, 10000,    33,    35,
   26.5000,    0.0000,   -3.3750,    6.7500,  4.315847,    31, 10000,    34,    37,
   25.0000,    0.0000,   -4.5000,    9.0000,  4.505370,    31, 10000,    35,    39,
   23.5000,    0.0000,   -5.6250,   11.2500,  9.591442,    31, 10000,    36,    41,
   22.0000,    0.0000,   -6.7500,   13.5000,  7.570830,    31, 10000,    37,    43,
   20.5000,    0.0000,   -7.8750,   15.7500,  4.951887,    31, 10000,    38,    45,
   19.0000,    0.0000,   -9.0000,   18.0000,  3.887069,    31, 10000,    39,    47,
   28.0000,    0.0000,   -1.1250,    2.2500, 31.170689,    32, 10000,    33,    34,
   26.5000,    0.0000,   -2.2500,    4.5000, 12.145073,    32, 10000,    34,    36,
   25.0000,    0.0000,   -3.3750,    6.7500,  2.823159,    32, 10000,    35,    38,
   23.5000,    0.0000,   -4.5000,    9.0000,  4.491729,    32, 10000,    36,    40,
   22.0000,    0.0000,   -5.6250,   11.2500,  5.210039,    32, 10000,    37,    42,
   20.5000,    0.0000,   -6.7500,   13.5000,  3.399592,    32, 10000,    38,    44,
   19.0000,    0.0000,   -7.8750,   15.7500,  2.316824,    32, 10000,    39,    46,
   17.5000,    0.0000,   -9.0000,   18.0000,  1.374417,    32, 10000,    40,    48,
   26.5000,    0.0000,   -1.1250,    2.2500,135.337128,    33, 10000,    34,    35,
   25.0000,    0.0000,   -2.2500,    4.5000, 15.343848,    33, 10000,    35,    37,
   23.5000,    0.0000,   -3.3750,    6.7500,  8.468511,    33, 10000,    36,    39,
   22.0000,    0.0000,   -4.5000,    9.0000, 10.885179,    33, 10000,    37,    41,
   20.5000,    0.0000,   -5.6250,   11.2500,  7.888007,    33, 10000,    38,    43,
   19.0000,    0.0000,   -6.7500,   13.5000,  3.742079,    33, 10000,    39,    45,
   17.5000,    0.0000,   -7.8750,   15.7500,  1.876449,    33, 10000,    40,    47,
   25.0000,    0.0000,   -1.1250,    2.2500, 31.800627,    34, 10000,    35,    36,
   23.5000,    0.0000,   -2.2500,    4.5000,  7.087242,    34, 10000,    36,    38,
   22.0000,    0.0000,   -3.3750,    6.7500,  7.505852,    34, 10000,    37,    40,
   20.5000,    0.0000,   -4.5000,    9.0000,  8.376499,    34, 10000,    38,    42,
   19.0000,    0.0000,   -5.6250,   11.2500,  3.926725,    34, 10000,    39,    44,
   17.5000,    0.0000,   -6.7500,   13.5000,  1.383428,    34, 10000,    40,    46,
   16.0000,    0.0000,   -7.8750,   15.7500,  1.321936,    34, 10000,    41,    48,
   23.5000,    0.0000,   -1.1250,    2.2500, 17.152067,    35, 10000,    36,    37,
   22.0000,    0.0000,   -2.2500,    4.5000,  8.240573,    35, 10000,    37,    39,
   20.5000,    0.0000,   -3.3750,    6.7500, 10.776090,    35, 10000,    38,    41,
   19.0000,    0.0000,   -4.5000,    9.0000,  7.751805,    35, 10000,    39,    43,
   17.5000,    0.0000,   -5.6250,   11.2500,  3.609728,    35, 10000,    40,    45,
   16.0000,    0.0000,   -6.7500,   13.5000,  1.982890,    35, 10000,    41,    47,
   22.0000,    0.0000,   -1.1250,    2.2500, 25.482250,    36, 10000,    37,    38,
   20.5000,    0.0000,   -2.2500,    4.5000, 11.597116,    36, 10000,    38,    40,
   19.0000,    0.0000,   -3.3750,    6.7500, 13.509023,    36, 10000,    39,    42,
   17.5000,    0.0000,   -4.5000,    9.0000,  6.135086,    36, 10000,    40,    44,
   16.0000,    0.0000,   -5.6250,   11.2500,  3.673935,    36, 10000,    41,    46,
   14.5000,    0.0000,   -6.7500,   13.5000,  2.774880,    36, 10000,    42,    48,
   20.5000,    0.0000,   -1.1250,    2.2500, 18.216427,    37, 10000,    38,    39,
   19.0000,    0.0000,   -2.2500,    4.5000, 14.071597,    37, 10000,    39,    41,
   17.5000,    0.0000,   -3.3750,    6.7500,  7.763287,    37, 10000,    40,    43,
   16.0000,    0.0000,   -4.5000,    9.0000,  4.898002,    37, 10000,    41,    45,
   14.5000,    0.0000,   -5.6250,   11.2500,  3.923507,    37, 10000,    42,    47,
   19.0000,    0.0000,   -1.1250,    2.2500, 11.622336,    38, 10000,    39,    40,
   17.5000,    0.0000,   -2.2500,    4.5000, 10.302361,    38, 10000,    40,    42,
   16.0000,    0.0000,   -3.3750,    6.7500,  3.572769,    38, 10000,    41,    44,
   14.5000,    0.0000,   -4.5000,    9.0000,  4.759890,    38, 10000,    42,    46,
   13.0000,    0.0000,   -5.6250,   11.2500,  2.787645,    38, 10000,    43,    48,
   17.5000,    0.0000,   -1.1250,    2.2500, 10.292683,    39, 10000,    40,    41,
   16.0000,    0.0000,   -2.2500,    4.5000,  1.670447,    39, 10000,    41,    43,
   14.5000,    0.0000,   -3.3750,    6.7500,  5.209072,    39, 10000,    42,    45,
   13.0000,    0.0000,   -4.5000,    9.0000,  1.549932,    39, 10000,    43,    47,
   16.0000,    0.0000,   -1.1250,    2.2500,  1.267908,    40, 10000,    41,    42,
   14.5000,    0.0000,   -2.2500,    4.5000,  2.352867,    40, 10000,    42,    44,
   13.0000,    0.0000,   -3.3750,    6.7500,  1.301475,    40, 10000,    43,    46,
   11.5000,    0.0000,   -4.5000,    9.0000,  5.357390,    40, 10000,    44,    48,
   14.5000,    0.0000,   -1.1250,    2.2500,  0.074914,    41, 10000,    42,    43,
   13.0000,    0.0000,   -2.2500,    4.5000,  0.218750,    41, 10000,    43,    45,
   11.5000,    0.0000,   -3.3750,    6.7500,  0.669823,    41, 10000,    44,    47,
   13.0000,    0.0000,   -1.1250,    2.2500,  0.453610,    42, 10000,    43,    44,
   11.5000,    0.0000,   -2.2500,    4.5000,  0.464427,    42, 10000,    44,    46,
   10.0000,    0.0000,   -3.3750,    6.7500,  0.608960,    42, 10000,    45,    48,
   11.5000,    0.0000,   -1.1250,    2.2500, 21.895802,    43, 10000,    44,    45,
   10.0000,    0.0000,   -2.2500,    4.5000,  8.162919,    43, 10000,    45,    47,
   10.0000,    0.0000,   -1.1250,    2.2500, 35.524136,    44, 10000,    45,    46,
    8.5000,    0.0000,   -2.2500,    4.5000, 17.472263,    44, 10000,    46,    48,
    8.5000,    0.0000,   -1.1250,    2.2500, 79.509697,    45, 10000,    46,    47,
    7.0000,    0.0000,   -1.1250,    2.2500, 25.491528,    46, 10000,    47,    48,
