电流	  ,电压1	  ,电压2	  ,电压3	  ,电压4	  ,电压5	  ,电压6	  ,电压7	  ,电压8	  ,电压9	  ,电压10	  ,电压11	  ,电压12	  ,电压13	  ,电压14	  ,电压15	  ,电压16	  ,电压17	  ,电压18	  ,电压19	  ,电压20	  ,电压21	  ,电压22	  ,电压23	  ,电压24	  ,电压25	  ,电压26	  ,电压27	  ,电压28	  ,电压29	  ,电压30	  ,电压31	  ,电压32	  ,电压33	  ,电压34	  ,电压35	  ,电压36	  ,电压37	  ,电压38	  ,电压39	  ,电压40	  ,电压41	  ,电压42	  ,电压43	  ,电压44	  ,电压45	  ,电压46	  ,电压47	  ,电压48	  ,
80.4094238	,18.9194050	,99.9273300	,36.0113220	,23.0656319	,16.9157333	,11.0740662	,7.7038383	,5.2093048	,3.1086426	,1.2472229	,-0.2129517	,-2.5047417	,-3.1334305	,-4.2043304	,-4.3733864	,-5.0589828	,-5.8379841	,-5.8907814	,-6.1283760	,-6.4271317	,-7.0403748	,-7.0739059	,-7.1458359	,-7.1656799	,-7.1855240	,-7.5016460	,-7.4333820	,-7.7955456	,-8.1363239	,-7.9486828	,-7.9305096	,-7.9998150	,-8.0691204	,-8.1651659	,-8.2733641	,-8.6573267	,-9.1157837	,-8.5698824	,-8.6560183	,-8.8122911	,-8.9685640	,-9.0266695	,-9.1260500	,-9.2201815	,-9.3910036	,-9.4679842	,-9.4832888	,-9.4782534	,
71.1195145	,86.6690826	,28.5665092	,71.1018448	,32.2828865	,22.1602020	,14.7231750	,10.7346191	,7.9344025	,5.6225433	,3.6419983	,2.1338654	,-0.1852493	,-0.8376923	,-1.8707275	,-2.0637364	,-2.7446365	,-3.4825134	,-3.5557156	,-3.7854919	,-4.0786362	,-4.6564255	,-4.6991119	,-4.7728348	,-4.7976227	,-4.8224106	,-5.1160469	,-5.0581779	,-5.3925209	,-5.7050095	,-5.5362587	,-5.5261269	,-5.5906868	,-5.6552467	,-5.7448082	,-5.8446751	,-6.1843567	,-6.5928345	,-6.1173668	,-6.1957359	,-6.3361320	,-6.4765282	,-6.5288506	,-6.5935783	,-6.7006798	,-6.8417702	,-6.9162102	,-6.9309058	,-6.9245872	,
90.2511292	,42.2543793	,87.7667542	,40.9697609	,92.7288971	,48.7908478	,30.1994476	,21.8803406	,16.5621185	,12.3235168	,8.8900375	,6.3773804	,2.6582527	,1.5539169	,-0.0784454	,-0.3751516	,-1.4168777	,-2.5869026	,-2.6948833	,-3.0358810	,-3.4868164	,-4.3806152	,-4.4215469	,-4.5302429	,-4.5564270	,-4.5826111	,-5.0402641	,-4.9322319	,-5.4633293	,-5.9398460	,-5.6611900	,-5.6268425	,-5.7069206	,-5.7869987	,-5.9259434	,-6.0591984	,-6.6283188	,-7.3177810	,-6.4889431	,-6.5953655	,-6.8015041	,-7.0076427	,-7.0676708	,-7.1068478	,-7.3287334	,-7.6191463	,-7.6915722	,-7.7165813	,-7.7082653	,
82.5626221	,26.5040245	,38.2141037	,83.3557281	,20.2129459	,106.0695648	,47.0467606	,31.2381058	,23.1208878	,17.1732788	,12.7311935	,9.6537476	,5.3037529	,3.9837952	,2.1143341	,1.7556846	,0.5919647	,-0.7051315	,-0.8403816	,-1.2114868	,-1.7063370	,-2.6813507	,-2.7212830	,-2.8374939	,-2.8587494	,-2.8800049	,-3.3752556	,-3.2524986	,-3.8309135	,-4.3457069	,-4.0376472	,-3.9893303	,-4.0634193	,-4.1375084	,-4.2855635	,-4.4205503	,-5.0613737	,-5.8425655	,-4.8775282	,-4.9876127	,-5.1997480	,-5.4118834	,-5.4671354	,-5.5929594	,-5.7302427	,-6.0912199	,-6.1501493	,-6.1775703	,-6.1607389	,
86.6039810	,21.9738693	,28.8552208	,47.5085297	,109.2840118	,29.6860580	,104.8685303	,52.8167343	,36.1134338	,25.8498154	,19.0678864	,14.7006226	,8.8770370	,7.0796814	,4.6470184	,4.1359434	,2.6619110	,1.0347977	,0.8324909	,0.3723335	,-0.2504959	,-1.4485474	,-1.5027008	,-1.6454926	,-1.6739502	,-1.7024078	,-2.3027573	,-2.1513824	,-2.8528824	,-3.4743423	,-3.0889282	,-3.0362930	,-3.1219902	,-3.2076874	,-3.3885350	,-3.5444608	,-4.3234639	,-5.2705960	,-4.0965352	,-4.2247548	,-4.5167394	,-4.8087239	,-4.8725209	,-5.0122914	,-5.1948552	,-5.6308599	,-5.7025914	,-5.7365704	,-5.7139058	,
86.4733810	,16.7465744	,20.9404984	,31.0075455	,50.2331696	,102.4551086	,37.5611191	,120.4777298	,59.6091003	,37.7287750	,26.6789856	,20.4537659	,12.9251633	,10.5469818	,7.5283585	,6.8265123	,5.0527191	,3.1516171	,2.8599944	,2.3218117	,1.5882492	,0.2211685	,0.1472168	,-0.0234604	,-0.0620880	,-0.1007156	,-0.7712059	,-0.6020889	,-1.3812294	,-2.0759888	,-1.6440926	,-1.5837364	,-1.6738777	,-1.7640190	,-1.9635987	,-2.1268773	,-2.9951310	,-4.0578218	,-2.7237687	,-2.8550324	,-3.1211991	,-3.3873658	,-3.4410462	,-3.5898347	,-3.7481675	,-4.2934632	,-4.3198762	,-4.3551140	,-4.3212037	,
75.6856537	,12.0593033	,14.6831818	,20.8060913	,30.3084259	,46.5021057	,103.3539658	,-14.0904493	,118.2104645	,51.2587738	,32.4301300	,24.0790100	,15.2641373	,12.4723663	,9.1520462	,8.3143559	,6.4379044	,4.4752007	,4.1221313	,3.5636673	,2.8014221	,1.4239807	,1.3363876	,1.1566467	,1.1093597	,1.0620728	,0.4017925	,0.5631351	,-0.2077045	,-0.8848286	,-0.4668064	,-0.4089832	,-0.4959812	,-0.5829792	,-0.7769008	,-0.9378123	,-1.7781253	,-2.8087878	,-1.5179515	,-1.6455150	,-1.9248652	,-2.2042155	,-2.2538524	,-2.2900386	,-2.5519404	,-3.0772700	,-3.1068645	,-3.1411974	,-3.1106486	,
78.9935074	,10.6753998	,12.7858582	,17.6610260	,24.5530396	,34.4227104	,54.8957634	,121.8505096	,36.0150070	,99.4286804	,47.6973648	,32.9082260	,20.3254204	,16.4309006	,12.1451721	,10.9900160	,8.6562691	,6.3071041	,5.8260260	,5.1545105	,4.2291794	,2.6132584	,2.4947968	,2.2723999	,2.2081757	,2.1439514	,1.3822918	,1.5643673	,0.6931591	,-0.0862141	,0.3864422	,0.4480267	,0.3483257	,0.2486248	,0.0237641	,-0.1576438	,-1.1033187	,-2.2601581	,-0.8188910	,-0.9591651	,-1.2463889	,-1.5336127	,-1.5897498	,-1.7653022	,-1.9262595	,-2.5140433	,-2.5439429	,-2.5833998	,-2.5493751	,
79.6525497	,9.1218567	,10.7633820	,14.5222473	,19.4910393	,25.8953667	,35.9595261	,54.3363342	,96.6460266	,33.2539406	,101.5605698	,52.6722870	,29.1288528	,22.6458588	,16.5583496	,14.7877350	,11.7449722	,8.7976913	,8.0961132	,7.2380104	,6.0775909	,4.1404037	,3.9591370	,3.6637497	,3.5603180	,3.4568863	,2.5847950	,2.7621479	,1.7763386	,0.8833256	,1.3844547	,1.4343281	,1.3050632	,1.1757984	,0.9138122	,0.7020087	,-0.3096070	,-1.5288739	,-0.0768418	,-0.2478547	,-0.5872636	,-0.9266725	,-1.0230470	,-1.1287217	,-1.4894776	,-2.0135484	,-2.1178269	,-2.1629095	,-2.1431184	,
79.7066650	,7.7490158	,9.0204926	,11.9918976	,15.7294083	,20.2347870	,26.3977890	,35.3272018	,47.8211746	,99.1712570	,32.0060005	,119.3412476	,44.4588623	,31.2348557	,21.9547501	,19.2089520	,15.2180290	,11.5292282	,10.5703840	,9.5175247	,8.0952377	,5.7812347	,5.5623627	,5.2119141	,5.0938873	,4.9758606	,3.9525948	,4.1794701	,3.0140419	,1.9787865	,2.5941429	,2.6761818	,2.5524178	,2.4286537	,2.1372747	,1.9109640	,0.6702433	,-0.8669100	,1.0660009	,0.8945227	,0.5352087	,0.1758947	,0.1245184	,-0.0895548	,-0.2562342	,-1.0897455	,-1.0788431	,-1.1260705	,-1.0685358	,
85.2313385	,7.1643753	,8.2811432	,10.8814087	,14.0793991	,17.8130188	,22.5708542	,28.8778687	,36.2759514	,56.3381691	,124.1544952	,39.0555534	,88.1713638	,46.8729858	,30.0278625	,25.2949295	,19.7551632	,14.9903488	,13.5850077	,12.2294617	,10.4100952	,7.5980759	,7.2808456	,6.8127060	,6.6360397	,6.4593735	,5.2704773	,5.4997444	,4.1622467	,2.9706230	,3.6423187	,3.7068481	,3.5493088	,3.3917694	,3.0503917	,2.7825503	,1.4212413	,-0.2356038	,1.7955737	,1.5912433	,1.1763797	,0.7615161	,0.6786761	,0.4539142	,0.1852756	,-0.6354642	,-0.6770444	,-0.7326040	,-0.6806684	,
59.9385033	,3.8374100	,4.3894882	,5.6978760	,7.2679062	,9.0163803	,11.1772614	,13.8527603	,16.5622025	,22.6110001	,32.9359360	,58.9971313	,-10.0130444	,96.1651764	,30.5370026	,22.3316269	,16.6169548	,12.4732094	,11.0562668	,9.9188919	,8.4154739	,6.2597351	,5.9593811	,5.5624237	,5.3919373	,5.2214508	,4.3702621	,4.4996452	,3.5677872	,2.7229691	,3.1664047	,3.1966629	,3.0736923	,2.9507217	,2.7116275	,2.5240932	,1.6142440	,0.5110955	,1.8558841	,1.7190738	,1.4455371	,1.1720004	,1.1277347	,1.1146960	,0.8504214	,0.2927279	,0.2780490	,0.2393754	,0.2696414	,
71.7288818	,4.1643066	,4.7433014	,6.0969543	,7.7005768	,9.4727783	,11.5456085	,14.0735931	,16.5381927	,21.5497208	,28.4058838	,38.9127960	,112.0865936	,-21.8968372	,81.4410706	,40.1206627	,26.6282291	,19.3419228	,16.7040825	,14.8779449	,12.5174484	,9.3110275	,8.8254089	,8.2123566	,7.9426193	,7.6728821	,6.4715042	,6.6405411	,5.3330154	,4.1556549	,4.7581863	,4.7921524	,4.6239891	,4.4558258	,4.1224527	,3.8633909	,2.6102419	,1.0982809	,2.9361544	,2.7478914	,2.3731890	,1.9984865	,1.9297457	,1.7308626	,1.5302401	,0.7753496	,0.7603807	,0.7106924	,0.7489443	,
78.5161743	,3.2759552	,3.7172470	,4.7021790	,5.8576813	,7.0839767	,8.5805206	,10.3064117	,11.9266891	,15.0754089	,18.8699646	,23.4555740	,32.8130951	,69.7611694	,33.1714096	,119.9005814	,36.8814926	,23.2353973	,18.6883583	,16.3778763	,13.5438080	,10.0984650	,9.4402313	,8.7078476	,8.3394775	,7.9711075	,6.8138905	,6.8911839	,5.6860828	,4.5703602	,5.0265293	,5.0024738	,4.8019390	,4.6014042	,4.2775259	,4.0159197	,3.0077486	,1.8539495	,3.1405859	,2.9544668	,2.6191168	,2.2837667	,2.1885366	,2.0088949	,1.7957754	,1.3393621	,1.2597723	,1.2132647	,1.2168722	,
71.5821991	,3.4465332	,3.8771133	,4.9267578	,6.1255646	,7.4403229	,8.8379211	,10.5245895	,12.0807190	,15.0377121	,18.4027557	,22.0316849	,26.7492905	,39.0568695	,109.5993423	,-0.7380545	,121.6485062	,42.8089333	,28.1182022	,23.7857399	,19.0818176	,13.8993835	,12.9518814	,11.9092712	,11.4168701	,10.9244690	,9.2716618	,9.4380779	,7.6995792	,6.1208324	,6.8676472	,6.8827763	,6.6413136	,6.3998508	,5.9585824	,5.6165109	,4.0452046	,2.1715503	,4.4059854	,4.1614175	,3.6824136	,3.2034097	,3.0979409	,2.5703378	,2.5520654	,1.6667504	,1.6193337	,1.5567186	,1.5996194	,
57.3930740	,2.4472275	,2.7366791	,3.4596100	,4.2785645	,5.1284103	,6.0799561	,7.1870041	,8.1774673	,9.9358368	,12.1368866	,14.1000443	,16.3433952	,21.1730042	,30.0570812	,95.0338135	,-8.0268688	,177.1684265	,36.0341110	,25.8816872	,18.7759857	,13.2120209	,12.1226654	,11.0212784	,10.4742966	,9.9273148	,8.4251518	,8.5312920	,6.9832115	,5.5877914	,6.2109108	,6.2073631	,5.9863472	,5.7653313	,5.3755350	,5.0759821	,3.7445974	,2.1615610	,4.0316210	,3.8184481	,3.3998842	,2.9813204	,2.8945742	,2.7491961	,2.4361773	,1.7072878	,1.6563311	,1.6014783	,1.6314974	,
51.5809555	,1.8767700	,2.0910110	,2.6221619	,3.2182465	,3.8355865	,4.5212708	,5.3098984	,6.0033722	,7.2042389	,8.7417984	,9.9993134	,11.3623505	,14.1311188	,17.5037155	,30.0364990	,156.7299805	,-25.7299805	,150.1417084	,43.9475212	,21.3643723	,13.5926056	,12.1416550	,10.8504562	,10.1627121	,9.4749680	,8.0233612	,8.0686150	,6.6362152	,5.3186417	,5.8457642	,5.8210754	,5.6017723	,5.3824692	,5.0232077	,4.7443914	,3.5812101	,2.2205925	,3.7956457	,3.6039114	,3.2526312	,2.9013510	,2.8222342	,2.5765219	,2.4286032	,1.8228903	,1.7746420	,1.7283673	,1.7516012	,
55.1299973	,1.9796448	,2.1947708	,2.7471924	,3.3591995	,4.0003586	,4.6587219	,5.4338226	,6.1084366	,7.3760986	,8.6790619	,9.9132843	,10.7875748	,13.1803589	,15.4267960	,21.4214401	,33.6492844	,153.7697449	,-17.0972900	,247.3539276	,44.0165024	,21.5918732	,18.2533951	,15.7972488	,14.5799179	,13.3625870	,11.2300301	,11.2482662	,9.1898384	,7.3216743	,8.0573311	,8.0153389	,7.7105675	,7.4057961	,6.9124937	,6.5338564	,4.9128370	,3.0088730	,5.2508421	,4.9963636	,4.5150633	,4.0337629	,3.9397840	,3.7000990	,3.4335737	,2.5327635	,2.5084181	,2.4460104	,2.4865065	,
58.6805458	,2.0143204	,2.2303619	,2.7854309	,3.3943558	,4.0388107	,4.6801147	,5.4380646	,6.0989075	,7.3299332	,8.5853882	,9.7476501	,10.5103722	,12.7616882	,14.6703644	,19.6428223	,26.1977081	,48.2529602	,259.7873840	,-4.0042725	,114.0619888	,29.5017700	,23.0980988	,19.3486786	,17.6105347	,15.8723907	,13.2147026	,13.2348824	,10.7481346	,8.5567284	,9.3460197	,9.3059349	,8.9237251	,8.5415154	,7.9625840	,7.5199304	,5.6687112	,3.4986939	,6.0333886	,5.7407098	,5.1850228	,4.6293359	,4.5228753	,4.2570977	,3.9401498	,2.9299188	,2.8924432	,2.8207533	,2.8691735	,
46.3039207	,1.4710770	,1.5997086	,2.0233917	,2.4612350	,2.8715973	,3.3585052	,3.8836746	,4.3309479	,5.1764603	,6.0102692	,6.7648773	,7.2065163	,8.5978775	,9.7136688	,12.5309677	,15.0678406	,18.3181152	,36.3969269	,86.5939484	,3.5874557	,60.1412468	,27.3106995	,20.1265640	,17.3646240	,14.6026840	,11.9498940	,11.7952614	,9.4510994	,7.3259621	,8.0406761	,7.9548225	,7.5988121	,7.2428017	,6.7116337	,6.3037376	,4.6581802	,2.7399979	,4.9649258	,4.7020321	,4.2283688	,3.7547054	,3.6614285	,3.4350796	,3.1597729	,2.2736797	,2.2461224	,2.1821275	,2.2185574	,
61.2347336	,1.6594162	,1.8241501	,2.2495728	,2.7027512	,3.1813660	,3.6502533	,4.1954155	,4.6624908	,5.5209885	,6.3670349	,7.1158142	,7.5107002	,8.8687286	,9.9227905	,12.4334297	,14.3931580	,15.8561859	,24.0729351	,29.6487885	,75.8150482	,5.4750977	,136.0751343	,47.1213226	,28.8266144	,20.0941238	,15.4842072	,14.9105759	,11.3936462	,8.2393417	,9.1088333	,8.9085999	,8.3602219	,8.0098801	,7.2592201	,6.6812916	,4.5506802	,2.1169567	,4.8469238	,4.4889450	,3.8383331	,3.2502747	,3.1107788	,2.8167038	,2.4443130	,1.3849106	,1.3336105	,1.2522788	,1.2871399	,
52.3152390	,1.4197388	,1.5504456	,1.9216003	,2.3103943	,2.7051086	,3.0982513	,3.5511322	,3.9326477	,4.6454086	,5.3295517	,5.9229126	,6.2022514	,7.2591324	,8.0011597	,9.9826088	,11.3752708	,12.2251587	,17.5663242	,19.9779930	,30.0879250	,113.2394104	,3.7534866	,370.2284546	,49.7216339	,25.7680950	,17.6771393	,16.3203011	,12.1518021	,8.5308304	,9.3958893	,9.1433411	,8.5385208	,8.1555252	,7.3624649	,6.7598381	,4.5528698	,2.0368233	,4.8687134	,4.5067825	,3.8386459	,3.2485962	,3.1183014	,2.8029175	,2.4690933	,1.3478622	,1.2862701	,2.8314517	,1.3272247	,
30.0350723	,0.8026733	,0.8748322	,1.0785217	,1.2962875	,1.5182648	,1.7312469	,1.9799843	,2.1786499	,2.5796356	,2.9373856	,3.2473907	,3.3714218	,3.9117355	,4.2812576	,5.2826328	,5.9385223	,6.2340775	,8.7947855	,9.4814987	,12.7687836	,22.1470451	,207.3734741	,12.2082520	,143.3693237	,32.0590591	,15.4881439	,12.6929493	,8.9410934	,5.9720917	,6.5143509	,6.2783508	,5.8148727	,5.5194502	,4.9559174	,4.5291538	,3.0300903	,1.3387337	,3.1885376	,2.9707947	,2.5249863	,2.1233673	,2.0316772	,1.8364334	,1.5907059	,0.8716278	,0.8287430	,0.7837191	,0.8080139	,
84.8711014	,2.2864075	,2.4997101	,3.0786591	,3.6938858	,4.3210678	,4.9067078	,5.5938568	,6.1740417	,7.2296295	,8.2469711	,9.0788422	,9.3267136	,10.9004364	,11.8764801	,14.6489944	,16.3082695	,17.0927734	,23.0575657	,25.4725380	,32.0133514	,39.6096344	,79.2782898	,401.9908142	,10.9597778	,236.6062775	,70.9592667	,48.5692406	,31.6154785	,20.0245247	,21.6359711	,20.6930695	,19.0425396	,17.9863815	,16.0781250	,14.6431198	,9.7369785	,4.1945496	,10.3323975	,9.5322113	,8.0906982	,6.7835846	,6.5036163	,5.8587646	,5.1294708	,2.6763535	,2.6577759	,2.4757462	,2.5854645	,
52.6946983	,1.2304611	,1.3397522	,1.6408386	,1.9559479	,2.2715378	,2.5822601	,2.9346962	,3.2274475	,3.7719421	,4.2802277	,4.7005310	,4.8321800	,5.5864716	,6.0412064	,7.4093800	,8.1669006	,8.4855499	,11.2852821	,12.2611141	,14.9854126	,17.2017937	,25.4269390	,55.6768875	,143.7474670	,-11.8318481	,327.7273865	,86.8101196	,31.5313797	,14.0317955	,14.6069565	,13.6623840	,12.3487568	,11.5193520	,10.2186775	,9.2443695	,6.2279987	,2.8980598	,6.4544525	,5.9373627	,5.0386200	,4.2515564	,4.0616302	,3.6757889	,3.2089920	,1.8543015	,1.7950897	,1.6843600	,1.7324829	,
53.6240730	,1.1084518	,1.2143860	,1.4692688	,1.7370911	,2.0080185	,2.2833862	,2.5870819	,2.8411713	,3.3097000	,3.7434540	,4.1008911	,4.2403679	,4.8699036	,5.2424850	,6.3701572	,6.9938354	,7.2389221	,9.4734287	,10.2554035	,12.2698288	,13.6515198	,17.9450111	,27.5626068	,44.0211487	,329.2593384	,28.4298019	,490.5694580	,87.2983551	,16.6283760	,16.5601616	,14.7978516	,13.1470947	,12.0746098	,10.6211433	,9.5421104	,6.4880142	,3.1985121	,6.5799103	,6.0376968	,5.1134796	,4.3343048	,4.1245117	,3.6879425	,3.2558746	,2.0194550	,1.9302063	,1.8207502	,1.8498535	,
61.1413345	,1.3246307	,1.4443817	,1.7586670	,2.0833893	,2.4346848	,2.7290039	,3.0906258	,3.3891754	,3.9392929	,4.4479294	,4.8578796	,4.9612656	,5.7149048	,6.1288605	,7.4432201	,8.0074692	,8.3573761	,10.8407516	,11.7185478	,13.8617706	,15.0692940	,19.0736313	,25.8998108	,34.7267456	,99.3687057	,558.6213379	,-9.5122757	,486.5089111	,28.7801723	,25.8989639	,21.8136978	,18.6531334	,16.8458805	,14.6619606	,13.0783386	,8.7458782	,4.0830812	,8.8713684	,8.1180916	,6.8485565	,5.7586060	,5.4875031	,4.9649658	,4.3384094	,2.5347595	,2.4629898	,2.3094716	,2.3671875	,
39.2053375	,0.7248001	,0.7940369	,0.9517517	,1.1181564	,1.2917938	,1.4567261	,1.6460304	,1.7984467	,2.0910492	,2.3488083	,2.5593567	,2.6329422	,3.0063095	,3.2128143	,3.8722153	,4.1971817	,4.3128090	,5.5542068	,5.9135332	,6.9504318	,7.4562302	,9.1557236	,11.7675018	,14.5251846	,22.8063545	,63.6902237	,309.5521851	,11.5865250	,30.1378365	,20.6197281	,15.3149872	,12.2911797	,10.7709007	,9.2419529	,8.1670799	,5.5146904	,2.7446594	,5.4723358	,4.9978027	,4.2248077	,3.5806122	,3.4068909	,3.0872726	,2.7318344	,1.7481461	,1.6792450	,1.5890303	,1.6125641	,
67.1468506	,1.0663528	,1.1779327	,1.3821259	,1.5968170	,1.8056335	,2.0619049	,2.3136368	,2.5289612	,2.9004517	,3.2505569	,3.5402374	,3.6669159	,4.1424026	,4.4470139	,5.2590752	,5.6868629	,5.8241730	,7.3043709	,7.7805967	,8.9635887	,9.4628525	,11.2762756	,13.6899033	,16.0545654	,17.7114525	,21.0853271	,30.9957123	,48.9613113	,-5.0239563	,194.4245300	,52.9606247	,29.4140873	,22.1652813	,18.0088425	,15.4632473	,10.3735294	,5.3231335	,9.9113312	,8.9795380	,7.5055389	,6.3646698	,6.0148926	,5.4446869	,4.7718048	,3.1966553	,3.0509949	,2.8930311	,2.8918610	,
53.1626434	,0.9423676	,1.0316620	,1.2315674	,1.4413300	,1.6560287	,1.8605042	,2.0910263	,2.2802734	,2.6281204	,2.9401245	,3.1868286	,3.2482643	,3.6825180	,3.9354706	,4.6788445	,5.0334969	,5.1157570	,6.4445662	,6.8493118	,7.8588486	,8.2015457	,9.7539215	,11.7343292	,13.6604614	,14.6273594	,16.3737030	,22.0517368	,27.0127525	,150.3593140	,-0.0554199	,236.1575165	,59.7296677	,27.4195518	,19.7521648	,16.2866402	,10.5679455	,5.0189056	,10.0298462	,9.0261421	,7.4579544	,6.2326355	,5.8738403	,5.2579575	,4.5768967	,2.8212280	,2.6961136	,2.5307980	,2.5569763	,
51.7010193	,0.9429092	,1.0231018	,1.2342224	,1.4461517	,1.6610489	,1.8645172	,2.0952492	,2.2814941	,2.6284103	,2.9364777	,3.1725464	,3.2017517	,3.6461792	,3.8606186	,4.6076088	,4.9477806	,5.0058060	,6.2719660	,6.6793251	,7.5952530	,7.8776703	,9.3076668	,11.1012268	,12.8245850	,13.4357901	,14.4392700	,18.3482990	,19.9809647	,40.0886765	,226.5688477	,15.2721481	,211.7893066	,47.4761734	,26.1655941	,19.7832146	,12.4243946	,5.6606464	,11.5311890	,10.3108215	,8.4397507	,7.0006714	,6.5878296	,5.8938141	,5.1171417	,3.0428848	,2.9276047	,2.7387362	,2.7747040	,
59.3422623	,1.0702438	,1.1643677	,1.3969421	,1.6391602	,1.8729553	,2.1069641	,2.3639259	,2.5717926	,2.9550476	,3.2973938	,3.5552673	,3.5780640	,4.0614471	,4.3085480	,5.1151524	,5.4816933	,5.5142136	,6.8924050	,7.3200378	,8.2977295	,8.5243835	,10.0296097	,11.8359909	,13.5967560	,14.0241985	,14.6735840	,18.0843258	,18.4451447	,25.7133560	,65.9640808	,239.6449127	,-9.0274124	,171.0374146	,46.1416168	,29.0083351	,17.2907047	,7.6350880	,15.3446808	,13.5868187	,10.9907532	,9.0460968	,8.4782562	,7.5615234	,6.5278244	,3.8328629	,3.6845703	,3.4357538	,3.4692078	,
59.9663849	,1.0968018	,1.1909485	,1.4328461	,1.6813660	,1.9366684	,2.1553192	,2.4140778	,2.6236115	,3.0114441	,3.3548279	,3.6112061	,3.6027184	,4.0943680	,4.3263855	,5.1439190	,5.4941902	,5.5090599	,6.8584981	,7.2783318	,8.2120743	,8.3782349	,9.8221588	,11.5186386	,13.1601486	,13.3751926	,13.8501740	,16.6855965	,16.5771255	,19.8011360	,30.9405346	,54.7393227	,171.5221405	,-2.4834573	,103.5947571	,41.0756607	,22.1030350	,9.2733135	,18.3875732	,16.0859604	,12.8425102	,10.4831238	,9.7883148	,8.8493195	,7.4747162	,4.2972565	,4.1340866	,3.8421297	,3.8904114	,
60.3229294	,1.0600967	,1.1429596	,1.3733673	,1.6091690	,1.8303528	,2.0570984	,2.3008919	,2.4988861	,2.8630371	,3.1839142	,3.4223633	,3.4053535	,3.8724899	,4.0819092	,4.8320656	,5.1498604	,5.1541519	,6.3818474	,6.7727108	,7.6020355	,7.7243881	,9.0080795	,10.4902954	,11.9253235	,12.0548754	,12.2741241	,14.7442369	,14.3844757	,16.3028450	,22.5482788	,30.5077286	,46.3227577	,101.1952209	,7.8494844	,92.0446014	,31.6660500	,11.7191315	,21.6112976	,18.5048676	,14.4707794	,11.7035217	,10.8518219	,9.6008301	,8.2025452	,4.7268600	,4.5248489	,4.1970983	,4.2303619	,
63.8078842	,1.0858231	,1.1776428	,1.4116669	,1.6457825	,1.8885651	,2.0989990	,2.3446350	,2.5419159	,2.9068375	,3.2263718	,3.4625549	,3.4461670	,3.9022217	,4.1631775	,4.8526087	,5.1691971	,5.1525421	,6.3528342	,6.7239151	,7.5217209	,7.6077652	,8.8349762	,10.2294846	,11.5769348	,11.6238890	,11.7384186	,13.9960785	,13.5119171	,14.8741913	,19.7817154	,24.5395508	,30.9926376	,42.6274872	,93.3109741	,-8.8425274	,82.7726822	,19.0628891	,28.6218567	,23.4627419	,17.7312965	,14.1297989	,12.9829254	,11.4299698	,9.6523285	,5.5392914	,5.2598343	,4.8618383	,4.8777313	,
83.6817780	,1.0325394	,1.1635284	,1.3300781	,1.5020599	,1.6891403	,1.9005127	,2.1071434	,2.2892456	,2.5782318	,2.8538742	,3.0805054	,3.2062187	,3.5516739	,3.7960663	,4.3338242	,4.6428108	,4.6860886	,5.6202784	,5.9317741	,6.5916367	,6.7672806	,7.7077713	,8.7861176	,9.8220444	,9.9591751	,10.1266327	,11.8141470	,11.5212479	,12.5673103	,16.0747452	,19.2555161	,23.0456963	,28.6223602	,40.3414154	,98.7999878	,7.3254728	,75.9964294	,38.8955994	,27.9451561	,19.7608833	,15.5685043	,14.1083069	,12.2951584	,10.3701859	,6.5580673	,6.1215744	,5.7045889	,5.6123352	,
87.5200424	,0.6607819	,0.7797699	,0.7833099	,0.8038940	,0.8472900	,0.9984589	,1.0847702	,1.1852417	,1.2802048	,1.4087143	,1.5550385	,1.8841591	,1.9634476	,2.1964417	,2.2630911	,2.4650841	,2.6547623	,2.9276984	,3.0482407	,3.3498383	,3.6683273	,3.9544830	,4.3292236	,4.6659775	,4.9948769	,5.3057861	,5.8202362	,6.0489655	,6.7253723	,7.8179207	,8.9375687	,10.2298546	,12.0087051	,14.9070015	,22.3475952	,70.9888763	,-4.5108500	,36.1515045	,19.7689972	,12.5784798	,9.9076843	,8.8109436	,7.6616211	,6.4631882	,5.2073746	,4.7084122	,4.4807653	,4.2637177	,
69.0523834	,1.0215836	,1.1201172	,1.3119965	,1.5166779	,1.7345200	,1.9147034	,2.1263428	,2.2990723	,2.6079254	,2.8805237	,3.0781250	,3.0732803	,3.4477844	,3.6319275	,4.2192936	,4.4559517	,4.3877220	,5.3382487	,5.6264534	,6.2280235	,6.2469139	,7.1596718	,8.1565971	,9.1187248	,9.0682125	,9.0177002	,10.5367012	,10.0055237	,10.4934273	,13.4380035	,15.7382813	,18.0834522	,21.1029282	,24.5457649	,30.2843323	,31.8743858	,27.1593857	,55.9194107	,110.4220734	,37.0614967	,25.3226700	,21.8084106	,18.2731552	,14.9013519	,8.4377823	,7.7714081	,7.0864196	,6.9795227	,
65.4776993	,0.9289627	,1.0105743	,1.1913452	,1.3726654	,1.5587845	,1.7313538	,1.9217110	,2.0763855	,2.3532333	,2.5964432	,2.7719116	,2.7676163	,3.1032944	,3.2565002	,3.7801933	,3.9911041	,3.9312525	,4.7644320	,5.0134287	,5.5341654	,5.5456858	,6.3357401	,7.1849909	,8.0089121	,7.9472966	,7.8856812	,9.1710091	,8.6790085	,9.0414352	,11.4906921	,13.3539963	,15.1970396	,17.5166168	,19.9656944	,23.6199341	,22.0374107	,15.0816803	,102.0806580	,16.7343044	,65.6624832	,31.5323944	,25.0999146	,20.2498398	,16.0494766	,8.9723663	,8.1038818	,7.3303671	,7.1597214	,
48.8936043	,0.6472397	,0.6954041	,0.8242798	,0.9420166	,1.0651245	,1.1837769	,1.3138542	,1.4152832	,1.6047592	,1.7625427	,1.8760376	,1.8879852	,2.1001282	,2.2061157	,2.5322509	,2.6662712	,2.6344414	,3.1625686	,3.3134689	,3.6488762	,3.6537895	,4.1433144	,4.6774559	,5.1827660	,5.1333447	,5.0839233	,5.8591747	,5.5445480	,5.7145348	,7.1672401	,8.2370224	,9.2246304	,10.4752922	,11.6948338	,13.3186493	,11.6553612	,7.2138519	,25.6283722	,45.3656311	,18.5754585	,108.7615967	,37.6527252	,21.8758011	,15.4404221	,8.4549713	,7.2274780	,6.4269285	,6.1715698	,
50.9032364	,0.6103668	,0.6712341	,0.7739410	,0.8766327	,0.9807053	,1.0984650	,1.2145462	,1.3100586	,1.4795074	,1.6231918	,1.7304230	,1.7541428	,1.9456787	,2.0451202	,2.3304138	,2.4597397	,2.4378281	,2.8904290	,3.0261040	,3.3201637	,3.3396111	,3.7605324	,4.2145882	,4.6445351	,4.6084614	,4.5723877	,5.2255020	,4.9590302	,5.0978928	,6.3085785	,7.1883087	,7.9834609	,9.0037308	,9.9163733	,11.1598282	,9.6299791	,6.0463028	,18.4571228	,23.5476494	,109.8893738	,32.7183876	,199.2778320	,43.8256950	,21.0743828	,11.2000122	,8.5268478	,7.3901563	,6.9552155	,
51.0228157	,0.6112976	,0.6732788	,0.7725525	,0.8768082	,0.9872742	,1.0968018	,1.2107315	,1.3044739	,1.4727783	,1.6133270	,1.7170868	,1.7383385	,1.9237213	,2.0198822	,2.3010669	,2.4271755	,2.3951874	,2.8377969	,2.9738960	,3.2518387	,3.2617035	,3.6675644	,4.1028900	,4.5166092	,4.4678001	,4.4189911	,5.0415039	,4.7710419	,4.8708038	,6.0167999	,6.8314743	,7.5594482	,8.4755363	,9.2966261	,10.3651352	,8.8752518	,5.5312500	,16.0558014	,19.1973076	,38.2449493	,197.3255310	,34.8942032	,251.1645813	,41.9679832	,20.1571198	,11.0940399	,8.9803028	,8.1574097	,
50.2667160	,0.5247726	,0.5813751	,0.6554413	,0.7279358	,0.8125916	,0.9056549	,0.9944305	,1.0716553	,1.2027893	,1.3136826	,1.4016266	,1.4653854	,1.5949249	,1.6898193	,1.8796697	,1.9811249	,1.9940529	,2.3135293	,2.4183159	,2.6314087	,2.6739883	,2.9641266	,3.2859802	,3.5854340	,3.5801697	,3.5749054	,4.0162697	,3.8571320	,3.9570847	,4.7659950	,5.3503189	,5.8705282	,6.5197334	,7.1113629	,7.8557587	,6.8109779	,4.4703045	,11.6168976	,13.4042301	,19.1555977	,37.3925171	,212.3024597	,24.1066189	,143.9505920	,39.8105316	,13.4587021	,9.7298040	,8.2816391	,
39.4404144	,0.4271851	,0.4579926	,0.5359497	,0.6017151	,0.6704407	,0.7491150	,0.8264580	,0.8869171	,1.0042877	,1.0940323	,1.1594696	,1.1866074	,1.3009262	,1.3730698	,1.5347366	,1.6139717	,1.5988083	,1.8701582	,1.9465752	,2.1226273	,2.1312714	,2.3731155	,2.6418762	,2.8907089	,2.8589439	,2.8271790	,3.1928558	,3.0215454	,3.0595284	,3.7307053	,4.1905746	,4.5766764	,5.0777130	,5.4960938	,6.0163307	,5.1047134	,3.2194748	,8.5194397	,9.6061974	,12.1879787	,16.2484894	,31.3020477	,123.8448410	,20.1983757	,290.9598999	,34.8244362	,15.6282063	,10.1388397	,
35.5825958	,0.2713013	,0.3058167	,0.3254242	,0.3409805	,0.3703003	,0.4221649	,0.4612083	,0.4967041	,0.5549927	,0.5989532	,0.6385956	,0.7298965	,0.7715683	,0.8574753	,0.8678961	,0.9283772	,0.9921303	,1.0759459	,1.1059647	,1.1970520	,1.2719879	,1.3524551	,1.4607162	,1.5486298	,1.5967636	,1.6505737	,1.7674198	,1.7924347	,1.8821945	,2.1025543	,2.2852859	,2.4379053	,2.6446114	,2.8650455	,3.0957413	,2.8611794	,2.2334976	,4.3263245	,4.7848396	,5.9019299	,7.7530289	,13.4822998	,31.1163712	,262.3027344	,19.4939327	,234.1751709	,56.3938065	,18.3652725	,
50.1511650	,0.4012375	,0.4546051	,0.4877319	,0.5172501	,0.5571671	,0.6352844	,0.6932678	,0.7468262	,0.8234711	,0.8923950	,0.9563293	,1.0594254	,1.1253128	,1.2197571	,1.2818055	,1.3619137	,1.4221535	,1.5683994	,1.6209946	,1.7484894	,1.8261337	,1.9575424	,2.1161270	,2.2515259	,2.2958336	,2.3413086	,2.5291252	,2.5221863	,2.6139488	,2.9592285	,3.2060394	,3.4336309	,3.7128925	,3.9866762	,4.2942657	,3.8841524	,2.9552593	,5.7186737	,6.2777290	,7.3505039	,8.5515747	,10.5048676	,14.7894325	,43.6573334	,323.4958801	,18.2898903	,567.0343018	,95.9460831	,
41.5837212	,0.3198929	,0.3618011	,0.3862305	,0.4084549	,0.4361877	,0.5036926	,0.5490913	,0.5903168	,0.6538391	,0.7073441	,0.7552948	,0.8409576	,0.8960800	,0.9535141	,1.0120864	,1.0755882	,1.1307068	,1.2338609	,1.2758141	,1.3756714	,1.4456940	,1.5416870	,1.6573792	,1.7566910	,1.7962074	,1.8413391	,1.9747562	,1.9874878	,2.0577698	,2.2972870	,2.4897537	,2.6473846	,2.8515205	,3.0534477	,3.2756767	,2.9870872	,2.3330727	,4.3036652	,4.6814156	,5.3936539	,6.1515121	,6.9708633	,8.7604713	,16.0410576	,63.9996262	,463.8208618	,-2.2777319	,256.5055542	,
38.6858444	,0.3189240	,0.3583527	,0.3850098	,0.4109726	,0.4433517	,0.5051270	,0.5499687	,0.5902100	,0.6527100	,0.7086182	,0.7533112	,0.8211136	,0.8796768	,0.9395828	,0.9949207	,1.0549793	,1.1035004	,1.2086034	,1.2556076	,1.3450851	,1.3999939	,1.4980392	,1.6163254	,1.7178802	,1.7393227	,1.7669678	,1.9056625	,1.8800735	,1.9437752	,2.1892395	,2.3775482	,2.5290546	,2.7244778	,2.9023514	,3.1007919	,2.7811165	,2.1170444	,3.9860840	,4.3091011	,4.8808594	,5.3624191	,6.0186157	,7.0983429	,9.7598267	,19.4453468	,72.4893188	,236.9342346	,33.3601532	,
