电流	  ,电压1	  ,电压2	  ,电压3	  ,电压4	  ,电压5	  ,电压6	  ,电压7	  ,电压8	  ,电压9	  ,电压10	  ,电压11	  ,电压12	  ,电压13	  ,电压14	  ,电压15	  ,电压16	  ,电压17	  ,电压18	  ,电压19	  ,电压20	  ,电压21	  ,电压22	  ,电压23	  ,电压24	  ,电压25	  ,电压26	  ,电压27	  ,电压28	  ,电压29	  ,电压30	  ,电压31	  ,电压32	  ,电压33	  ,电压34	  ,电压35	  ,电压36	  ,电压37	  ,电压38	  ,电压39	  ,电压40	  ,电压41	  ,电压42	  ,电压43	  ,电压44	  ,电压45	  ,电压46	  ,电压47	  ,电压48	  ,
167.1271210	,25.9927521	,135.1767426	,57.1360626	,20.2446899	,6.9312057	,3.0226898	,-1.8197060	,-6.3750992	,-10.8620300	,-15.0439758	,-18.4350395	,-21.3882904	,-24.0083847	,-26.5166321	,-27.9780884	,-29.4637756	,-30.5510559	,-32.0090561	,-33.2773438	,-33.8553314	,-34.1976242	,-34.5680237	,-35.2063675	,-35.4252930	,-35.6442184	,-36.0803680	,-36.6501389	,-36.6651382	,-37.0450478	,-37.3260498	,-37.5493469	,-37.7256622	,-37.9836578	,-38.2189064	,-38.3007355	,-38.5157776	,-38.6339493	,-38.9705505	,-38.9646301	,-39.0937119	,-39.2227936	,-38.4130173	,-38.4623642	,-38.6820297	,-38.7564468	,-39.0961380	,-39.2818527	,-39.6954575	,
174.2584229	,145.2521362	,9.2157106	,205.0207825	,55.4332123	,28.7396469	,22.8395920	,15.4348602	,8.6774139	,2.5364981	,-3.0682983	,-7.5203762	,-11.3631287	,-14.6741028	,-17.8353729	,-19.6943665	,-21.5487518	,-22.8929977	,-24.6669769	,-26.1972713	,-26.8932800	,-27.3095322	,-27.7530823	,-28.5083694	,-28.7736969	,-29.0390244	,-29.4972630	,-30.2202301	,-30.1713238	,-30.6814575	,-30.9697113	,-31.2296791	,-31.4113464	,-31.5930138	,-31.8297997	,-31.9528503	,-32.2009239	,-32.3484688	,-32.7349358	,-32.7436638	,-32.8768959	,-33.0101280	,-32.0388985	,-32.0911560	,-32.4917336	,-32.7510719	,-33.2819405	,-33.3165932	,-33.6265297	,
153.0918427	,50.4296188	,114.7541962	,-37.5848083	,155.1659241	,55.7253723	,47.1520500	,34.0711823	,24.5885925	,16.7044411	,9.8590851	,4.5759163	,0.0963364	,-3.6073608	,-7.1537209	,-9.2389297	,-11.2849693	,-12.7274094	,-14.6210556	,-16.2315884	,-16.9601002	,-17.3959808	,-17.8448792	,-18.6249924	,-18.8965912	,-19.1681900	,-19.6379776	,-20.3776169	,-20.3253593	,-20.8212337	,-21.1114235	,-21.3846512	,-21.5576172	,-21.7305832	,-21.9409256	,-22.0877972	,-22.3000412	,-22.4800797	,-22.8633137	,-22.8646317	,-22.9638538	,-23.0630760	,-22.3168221	,-22.3691216	,-22.6670341	,-22.8523827	,-23.3002586	,-23.5011864	,-23.8536186	,
174.2713928	,37.5669518	,64.1145630	,130.2782593	,2.2265911	,115.2391510	,97.6774292	,63.4890900	,45.7149887	,33.0365219	,22.8179169	,15.1041689	,8.7179031	,3.4701233	,-1.3827934	,-4.2812195	,-7.0154724	,-8.9436951	,-11.4738636	,-13.5958920	,-14.5488138	,-15.1191254	,-15.7018127	,-16.7090874	,-17.0575562	,-17.4060249	,-17.9930763	,-18.9664421	,-18.8766403	,-19.5168610	,-19.8779068	,-20.2288990	,-20.4424248	,-20.6559505	,-20.9013538	,-21.0995235	,-21.3468533	,-21.6088619	,-22.1029377	,-22.0997219	,-22.2005043	,-22.3012867	,-21.1341457	,-21.2135849	,-21.5576458	,-21.8139782	,-22.3844585	,-22.6349621	,-23.0686016	,
181.8832855	,27.8289871	,42.3715210	,62.7196350	,118.5419312	,-18.1561432	,239.3841858	,130.6201782	,77.0037613	,53.6443596	,38.3731995	,27.7854939	,19.1465607	,12.1974106	,5.9612617	,2.1551208	,-1.3142586	,-3.7882843	,-6.9360371	,-9.5717049	,-10.7442589	,-11.4457703	,-12.1598740	,-13.3651123	,-13.7912445	,-14.2173767	,-14.8952122	,-16.0815811	,-15.9384327	,-16.7064171	,-17.1236572	,-17.5441837	,-17.7849121	,-18.0256405	,-18.2911873	,-18.5367661	,-18.8254757	,-19.1448879	,-19.7387295	,-19.7304440	,-19.8265038	,-19.9225636	,-18.5435352	,-18.6405334	,-19.0202198	,-19.3375874	,-20.0172749	,-20.3071613	,-20.8002796	,
169.3355713	,23.4935589	,35.4021187	,51.2347717	,97.8085785	,223.1849976	,13.6846323	,186.2721100	,86.8193283	,56.5810890	,40.1046600	,29.1192436	,20.5034790	,13.6530380	,7.5862923	,3.8910294	,0.5725193	,-1.7586823	,-4.7613907	,-7.2404461	,-8.3514614	,-9.0216675	,-9.6911392	,-10.8369217	,-11.2375946	,-11.6382675	,-12.2798023	,-13.3828735	,-13.2664509	,-13.9817104	,-14.3750992	,-14.7670593	,-14.9932404	,-15.2194214	,-15.4657784	,-15.7037153	,-15.9201660	,-16.2591095	,-16.8021679	,-16.7964630	,-16.8886909	,-16.9809189	,-15.8255615	,-15.9241276	,-16.2735596	,-16.5716095	,-17.1865234	,-17.4601898	,-17.9154205	,
160.0173492	,19.1088142	,28.1747303	,38.9440918	,63.1758804	,117.0487976	,175.7482910	,-15.0939512	,161.1999359	,76.6422653	,50.2902527	,36.1848297	,25.9304810	,18.1370544	,11.4447861	,7.3356400	,3.7335243	,1.2181091	,-1.9651871	,-4.5720291	,-5.7454700	,-6.4513168	,-7.1514053	,-8.3313446	,-8.7492981	,-9.1672516	,-9.8110609	,-10.9345703	,-10.8132896	,-11.5379114	,-11.9356117	,-12.3334084	,-12.5559692	,-12.7785301	,-13.0188942	,-13.2577686	,-13.5002098	,-13.8220329	,-14.3617201	,-14.3602867	,-14.4419403	,-14.5235939	,-13.2800255	,-16.0107651	,-13.7365379	,-14.0372581	,-14.6602287	,-14.9308434	,-15.3790703	,
142.5195923	,14.3381920	,20.8665581	,28.2283783	,42.9394379	,63.4844208	,74.6310196	,141.2882996	,-9.0918837	,143.4425049	,68.2840271	,45.0092545	,31.6023941	,22.5146637	,15.2046318	,10.6974869	,6.9268932	,4.3119812	,1.1138992	,-1.4797058	,-2.6535311	,-3.3601685	,-4.0540314	,-5.1939430	,-5.6041565	,-6.0143700	,-6.6437931	,-7.7114449	,-7.6075096	,-8.2960567	,-8.6719398	,-9.0494442	,-9.2583275	,-9.4672108	,-9.6860600	,-9.9166660	,-10.1463032	,-10.4378376	,-10.9394588	,-10.9395924	,-11.0123234	,-11.0850544	,-10.3368540	,-10.0904684	,-10.7381601	,-11.0302591	,-11.6015635	,-11.8579721	,-12.2564096	,
178.7977448	,15.3379593	,21.9792728	,29.3182983	,42.9162292	,58.8917084	,64.3123398	,87.7737732	,179.2403107	,1.1294780	,192.7250977	,91.7445374	,57.7025223	,40.0224419	,27.5611305	,20.0333328	,14.1242886	,10.1312714	,5.4196939	,1.6629677	,-0.0324326	,-1.0595856	,-2.0483780	,-3.6340103	,-4.2164764	,-4.7989426	,-5.6571560	,-7.1111298	,-6.9823246	,-7.9193974	,-8.4210587	,-8.9316196	,-9.2198944	,-9.5081692	,-9.7889118	,-10.1039810	,-10.4007168	,-10.7950039	,-11.4508085	,-11.4541531	,-11.5259342	,-11.5977154	,-10.1583920	,-10.1836987	,-10.7861576	,-11.1625919	,-11.8945408	,-12.2281590	,-12.7448521	,
194.7803650	,13.9461250	,19.8162727	,26.1200562	,37.6556473	,50.1533966	,53.5389252	,66.1120148	,96.3958130	,208.8950500	,44.6495705	,240.9131470	,104.8294067	,64.3971558	,42.9331131	,30.8529587	,22.4113541	,16.8833313	,10.7022820	,5.8955612	,3.7305269	,2.4172592	,1.1797180	,-0.7467690	,-1.4689789	,-2.1911888	,-3.2105463	,-4.9286613	,-4.7955112	,-5.9010258	,-6.4891663	,-7.0896225	,-7.4305534	,-7.7714844	,-8.0912514	,-8.4599628	,-8.7668915	,-9.2667389	,-10.0162697	,-10.0316162	,-10.1352081	,-10.2388000	,-8.4312582	,-8.5009146	,-9.0671911	,-9.5050116	,-10.3301764	,-10.7071295	,-11.2859869	,
147.9405823	,8.9965210	,12.6922808	,16.5409393	,23.4820709	,30.8997498	,32.5184097	,38.6478424	,50.6751099	,77.6922913	,180.6821594	,7.1598902	,185.6465759	,80.5658951	,48.3043709	,33.0334167	,23.8334389	,18.2204590	,12.3128147	,7.8723297	,5.8800735	,4.6748199	,3.5631409	,1.9039230	,1.2679062	,0.6318893	,-0.2304354	,-1.6530075	,-1.5638485	,-2.4808979	,-2.9720078	,-3.4663658	,-3.7478790	,-4.0293922	,-4.2860870	,-4.5920858	,-4.9020424	,-5.2416420	,-5.8400273	,-5.8567696	,-5.9325180	,-6.0082664	,-5.0629883	,-5.1088104	,-5.5627441	,-5.9061127	,-6.5393219	,-6.8379669	,-7.2753143	,
145.2710571	,7.6009064	,10.5925999	,13.6736603	,19.0250244	,24.8187256	,25.8857994	,30.1897583	,37.5211334	,50.4643860	,79.8168793	,179.8720856	,24.3347874	,181.9835510	,77.7244263	,47.0113640	,32.6405602	,24.6942902	,17.0651741	,11.5773277	,9.1291666	,7.6583328	,6.3428345	,4.4531136	,3.7152100	,2.9773064	,2.0127678	,0.4688683	,0.5314293	,-0.4620841	,-0.9948540	,-1.5272789	,-1.8324471	,-2.1376152	,-2.4043121	,-2.7375040	,-3.0097313	,-3.4231682	,-4.1304660	,-4.0581322	,-4.1360970	,-4.2140617	,-3.2901955	,-3.3703728	,-3.8164520	,-4.1759338	,-4.8130341	,-5.1176453	,-5.5534210	,
150.3437500	,6.7785797	,9.3468504	,11.9467773	,16.4377174	,21.2056351	,21.9753819	,25.5102615	,30.6176224	,38.8060837	,53.2151642	,83.0559540	,185.1931000	,21.7199955	,181.6018372	,76.0490723	,47.3398933	,34.4250488	,23.5520077	,16.2201500	,12.9967546	,11.0945587	,9.4431076	,7.1793137	,6.2814102	,4.9853363	,3.8595638	,2.1008301	,2.1356010	,1.0100081	,0.4030685	,-0.1949539	,-0.5424500	,-0.8101654	,-1.1106644	,-1.4716167	,-1.7448730	,-2.2184448	,-2.8842683	,-2.9153748	,-3.0068703	,-3.0983658	,-2.0292149	,-2.1430302	,-2.6078777	,-2.9964123	,-3.6684246	,-4.0011578	,-4.4589520	,
154.2276459	,5.9843979	,8.1428070	,10.2770386	,13.9753609	,17.8391342	,18.4051819	,21.0507813	,24.9009323	,30.5545406	,39.1420135	,53.5638199	,83.6909103	,182.6974182	,13.8909817	,156.8465729	,71.7112503	,47.6777039	,31.0153008	,21.2535744	,16.9043312	,14.5984573	,12.3071136	,9.8741455	,8.6869049	,7.3128662	,6.0153685	,4.0976715	,4.0556755	,2.8464720	,2.1646042	,1.5120544	,1.1189804	,0.8356934	,0.5256500	,0.1289248	,-0.1763306	,-0.6473389	,-1.3343325	,-1.3821259	,-1.4843063	,-1.5864868	,-0.4077206	,-0.5592251	,-1.0179844	,-1.4175510	,-2.0792637	,-2.4249516	,-2.8798923	,
175.4874115	,6.0406647	,8.1604204	,10.2127380	,13.7559586	,17.4164047	,17.9203300	,20.3588181	,23.7119675	,28.3013306	,34.6083069	,44.0225563	,59.8900833	,89.5281982	,176.1541443	,24.6709557	,208.8092499	,96.3100586	,55.3245621	,35.3908081	,27.3235741	,23.1449356	,19.5362015	,15.7175598	,13.9812851	,12.0269165	,10.1622419	,7.4441605	,7.3628654	,5.6994033	,4.7781754	,3.8998890	,3.3781281	,2.9893799	,2.5896111	,2.0653458	,1.6298523	,1.0455475	,0.1413746	,0.0878296	,-0.0293732	,-0.1465759	,1.3696537	,1.1426258	,0.5876675	,0.0622158	,-0.8025913	,-1.2377415	,-1.8150883	,
185.3940430	,5.7264099	,7.6485434	,9.4691467	,12.6568298	,15.8919144	,16.2939968	,18.2006874	,21.1414337	,24.8437576	,29.5323181	,36.1041603	,46.1269073	,60.9119415	,86.5813293	,219.3502960	,7.0763817	,215.4477539	,92.4166183	,52.6300354	,38.5468292	,31.6866150	,26.4151306	,21.0924225	,18.7848053	,16.3642502	,13.9521132	,10.5448303	,10.3622017	,8.3421402	,7.2311935	,6.1821785	,5.5578308	,5.1012268	,4.6308365	,4.0153790	,3.5601196	,2.8497620	,1.8075628	,1.7434692	,1.6133919	,1.4833145	,3.1808586	,2.9049683	,2.2983437	,1.7054024	,0.7476692	,0.2583961	,-0.3785057	,
163.3816223	,4.6070328	,6.1153450	,7.5361176	,9.9728127	,12.3833923	,12.7385902	,14.4154854	,16.3035126	,18.8706379	,22.0569153	,26.2913456	,32.4453888	,40.3958778	,51.6100616	,89.4041748	,183.0961609	,-43.2923737	,178.5696869	,74.1620560	,48.6532593	,37.6644974	,30.6312866	,23.7519646	,21.1439667	,18.5938339	,15.7764626	,11.9784088	,11.6621590	,9.5636177	,8.3901215	,7.3158798	,6.6692276	,6.2100983	,5.7436409	,5.1355586	,4.6594238	,3.9696121	,2.9667015	,2.9011230	,2.7857857	,2.6704483	,4.0902119	,3.8138790	,3.2361584	,2.6645031	,1.7543468	,1.2891216	,0.6953716	,
177.6160126	,4.4420853	,5.7992496	,7.0573883	,9.2533264	,11.3617554	,11.6687050	,13.0741615	,14.6972580	,16.8410320	,19.3195953	,22.5254841	,26.9970093	,32.3402176	,38.7884560	,58.2782288	,89.3348694	,193.7672729	,-5.5044289	,188.2478638	,89.5290985	,61.0624542	,46.1536255	,34.2468491	,30.1209412	,27.4255714	,22.8279896	,16.8382797	,16.0863914	,13.2806892	,11.7330322	,10.3613739	,9.5324326	,8.9537506	,8.3830872	,7.6457033	,7.0694885	,6.2720261	,5.0874357	,5.0072632	,4.8668022	,4.7263412	,6.3763294	,6.0189457	,5.3692188	,4.7282581	,3.7469044	,3.2160206	,2.5693836	,
169.0652924	,3.7583313	,4.8582420	,5.8443451	,7.5878811	,9.2807999	,9.4722404	,10.4399223	,11.7390213	,13.3257065	,15.0597992	,17.2343559	,20.1851921	,23.4545555	,26.9137306	,37.0177040	,49.8131332	,77.5482178	,176.3881531	,-18.0334778	,202.6919098	,100.9951324	,66.9347076	,46.1095428	,40.9400024	,41.7499657	,33.1038475	,21.6928635	,19.8238068	,16.1715527	,14.2145386	,12.5762768	,11.5737457	,10.9026566	,10.2560959	,9.4405937	,8.8282776	,7.9609451	,6.7120266	,6.6167755	,6.4623337	,6.3078918	,7.6734028	,7.2753201	,6.6063480	,5.9388523	,4.9553471	,4.4097233	,3.7716465	,
150.3231812	,3.1504822	,4.0484829	,4.8427277	,6.2494812	,7.5870743	,7.7564354	,8.8805008	,9.5244370	,10.7513218	,12.0438080	,13.6289749	,15.7514305	,17.9923897	,20.1464958	,26.4570427	,33.4053040	,46.3794098	,75.3159180	,177.3728638	,-5.5544968	,211.9167633	,98.5788269	,56.1759644	,44.9548721	,39.9909973	,31.8970318	,22.3717804	,20.7398682	,16.9277344	,14.8502274	,13.1309814	,12.0833893	,11.3843842	,10.7311821	,9.9080133	,9.3080444	,8.4287186	,7.1872244	,7.0953217	,6.9488869	,6.8024521	,7.8187828	,7.4209862	,6.7580948	,6.0928726	,5.1119766	,4.5813522	,3.9629135	,
148.4759674	,2.9693146	,3.8141232	,4.5524902	,5.8604908	,7.0496140	,7.2520027	,7.9200096	,8.8642502	,9.9532309	,11.0774231	,12.4454489	,14.2545776	,16.1144447	,17.7675781	,22.6990852	,27.6586494	,36.2503815	,51.0711365	,87.8327484	,205.2753296	,23.2683334	,230.6228638	,84.7357864	,58.4290009	,43.8740158	,34.6708412	,25.7082367	,24.0308723	,19.5285149	,17.0554123	,15.0425186	,13.8070107	,12.9960709	,12.2517929	,11.3218060	,10.6650085	,9.6679993	,8.2798901	,8.1853333	,8.0256386	,7.8659439	,8.8688240	,8.4094276	,7.6789284	,6.9224281	,5.8012886	,5.2210732	,4.5408516	,
130.5562897	,2.4914627	,3.1994953	,3.8061371	,4.9246912	,5.9353943	,6.0311279	,6.9245262	,7.3368454	,8.2097502	,9.0848694	,10.1367378	,11.5325851	,12.9234200	,14.0827599	,17.6808319	,20.9956627	,26.3187714	,34.6654434	,51.6455231	,84.8747635	,199.1740417	,24.7491875	,156.4683838	,78.3576202	,48.2995911	,36.3107834	,26.9464264	,24.8842163	,19.9967842	,17.3441696	,15.2223625	,13.9207115	,13.0717468	,12.3096809	,11.3731918	,10.7287292	,9.7214203	,8.3529358	,8.2617798	,8.1099739	,7.9581680	,8.6720810	,8.2248459	,7.5205841	,6.7601471	,5.6202240	,5.0498352	,4.3837738	,
154.3102112	,2.7919388	,3.5357094	,4.1711884	,5.3636813	,6.3588486	,6.5242271	,7.1100922	,7.9108200	,8.7721643	,9.6506500	,10.7048750	,12.0741196	,13.4182854	,14.4724627	,17.7855072	,20.6893539	,25.0879364	,31.1486225	,42.7835846	,57.5157471	,87.0526276	,180.6616516	,5.8945999	,228.2587280	,86.0964050	,56.7748566	,40.3829269	,36.1866417	,28.4372253	,24.3723145	,21.2192497	,19.2969742	,18.0548172	,16.9726791	,15.6868095	,14.7766418	,13.4763107	,11.6542454	,11.5248108	,11.3089943	,11.0931778	,12.1611404	,11.5214539	,10.5772629	,9.5658646	,8.0821457	,7.3393784	,6.4834671	,
132.0102997	,2.2871399	,2.9039135	,3.4247131	,4.3790646	,5.2278061	,5.3484154	,5.7654076	,6.4497261	,7.1595311	,7.8508301	,8.6733475	,9.7484436	,10.7875977	,11.5640297	,14.1005669	,16.2528915	,19.5398560	,23.7320061	,32.7659912	,39.8164825	,51.9685135	,78.2428970	,193.0715027	,21.3328552	,142.4565735	,69.0497742	,43.7023010	,36.5327797	,28.0393219	,23.6857529	,20.4418049	,18.4069710	,17.1924286	,16.1278305	,14.8711061	,13.9408569	,12.7335129	,11.0143566	,10.8812866	,10.6663399	,10.4513931	,11.1254807	,10.5218735	,9.6334000	,8.6834641	,7.2774887	,6.5927811	,5.8046188	,
157.0493164	,2.5994568	,3.2278824	,3.7512817	,4.7193017	,5.5205917	,5.7281036	,6.1889687	,6.8504257	,7.5804596	,8.2866974	,9.1285858	,10.2085114	,11.2554703	,12.0426254	,14.5361404	,16.6692352	,19.7898254	,25.0437622	,37.9433441	,40.2481346	,44.1862869	,54.7890778	,81.7675934	,155.6154327	,12.8894405	,216.2488098	,82.7140045	,54.8726273	,38.4925613	,31.3700638	,26.5120678	,23.5176353	,21.7350616	,20.2856598	,18.6489964	,17.5115051	,15.9694672	,13.8996086	,13.6937561	,13.4112206	,13.1286850	,14.4773865	,13.7399330	,12.6884651	,11.5437660	,9.8798256	,9.0524178	,8.1227303	,
161.2102814	,2.5992355	,3.2411823	,3.7743988	,4.7892189	,5.6901855	,5.7857246	,6.3998222	,6.9135284	,7.6239324	,8.3065948	,9.1173420	,10.1557236	,11.1423416	,11.8453751	,14.1986084	,16.1264915	,18.8750916	,23.1583900	,33.0691376	,35.2484512	,38.3503189	,45.2296257	,58.9954338	,83.0300598	,218.2436371	,-6.9176846	,252.1000977	,98.3040695	,56.7340889	,42.6952286	,34.5119400	,29.6312943	,27.0259933	,24.9962196	,22.8152924	,21.3312683	,19.3671494	,16.7832069	,16.4961700	,16.1289063	,15.7616425	,16.8104973	,15.9338608	,14.6314774	,13.2210464	,11.1664658	,10.1865005	,9.0713120	,
159.9441681	,2.4498367	,3.0070019	,3.4580078	,4.3320141	,5.0237198	,5.1806870	,5.6571350	,6.1355934	,6.7493095	,7.3332367	,8.0161629	,8.8822556	,9.6949310	,10.2650375	,12.1290131	,13.5905523	,15.5446777	,18.1391983	,22.6067276	,25.4858589	,29.0955086	,34.1993103	,42.5354958	,53.1139297	,83.5506592	,247.1090240	,16.9993057	,206.3911743	,80.6481628	,52.7181091	,39.6423798	,32.4023361	,28.9728241	,26.4884720	,23.9943275	,22.3500366	,20.2609253	,17.5978184	,17.2372437	,16.8130264	,16.3888092	,17.3798447	,16.4636917	,15.1456947	,13.7168617	,11.6624184	,10.6685982	,9.5663490	,
170.6103668	,2.5734482	,3.1815910	,3.6767883	,4.6121697	,5.4114304	,5.5590134	,6.0822258	,6.5930481	,7.2438421	,7.8435516	,8.5573864	,9.4576416	,10.2910538	,10.8474121	,12.7926941	,14.2651272	,16.2141876	,18.5860996	,22.2263412	,25.3245010	,29.1347656	,33.8114624	,40.7175407	,47.5925789	,59.2157593	,102.9409332	,215.5359802	,-14.8456659	,223.5088348	,100.6903000	,63.4048080	,46.3761978	,39.9585342	,35.7215118	,31.9073143	,29.5396118	,26.6298904	,22.9742393	,22.4606323	,21.8478279	,21.2350235	,22.3136520	,21.0687675	,19.3069115	,17.3822441	,14.6250420	,13.3385429	,11.9081535	,
162.2387695	,2.3554077	,2.8836670	,3.2993164	,4.1086969	,4.7496338	,4.9255676	,5.4094620	,5.8066483	,6.3663578	,6.8724518	,7.4734392	,8.2249222	,8.9157333	,9.3648224	,10.9496002	,12.1234055	,13.6455994	,15.4263458	,17.9561157	,20.3085251	,23.1368675	,26.4654236	,31.0422096	,35.2639694	,40.0220261	,57.1080627	,80.4973145	,210.0605011	,-6.2954121	,269.2825317	,111.7768860	,62.5674171	,49.0251541	,41.5634232	,35.9744797	,32.7955933	,29.3220520	,25.1556110	,24.4358368	,23.6261978	,22.8165588	,23.7257614	,22.3441620	,20.4167366	,18.3290443	,15.3751106	,13.9970894	,12.4931374	,
175.7057037	,2.4784088	,3.0249977	,3.4542389	,4.3226924	,4.9539642	,5.1238480	,5.4044724	,6.0302277	,6.5889359	,7.1003876	,7.7011137	,8.4535141	,9.1390839	,9.5743713	,11.1414948	,12.2782364	,13.7378235	,15.3834743	,17.6163559	,19.8039589	,22.3832321	,25.3375702	,29.2106628	,32.7040863	,35.6786079	,47.0058289	,57.4554443	,103.2231140	,288.6070862	,-23.0563545	,318.6919556	,110.6412354	,73.3770828	,56.7661552	,46.6291733	,41.6056213	,36.6027145	,31.1121922	,30.0165405	,28.8762169	,27.7358932	,28.5894394	,26.8365707	,24.4423981	,21.8590240	,18.2487335	,16.6036987	,14.8164978	,
156.2749329	,2.1411591	,2.6004219	,2.9560089	,3.6649256	,4.1179276	,4.3540115	,4.6638680	,5.1104393	,5.6013899	,6.0050049	,6.5043583	,7.1156006	,7.7041092	,8.0396996	,9.3165588	,10.2111473	,11.3768616	,12.6617928	,14.3384857	,16.0298672	,17.9889069	,20.2030716	,22.9997635	,25.4868469	,27.0727005	,34.1514130	,38.6365738	,58.2166748	,106.9254761	,279.9815063	,-11.2257595	,233.8224792	,108.7368164	,69.1423187	,50.6445084	,42.8237000	,36.5414658	,30.4956207	,29.0261078	,27.7321396	,26.4381714	,26.7037621	,25.0160065	,22.7026367	,20.2283325	,16.7985229	,15.2520752	,13.5779266	,
177.3727875	,2.3769531	,2.8844261	,3.2748260	,4.0696263	,4.7382431	,4.8261452	,5.0695534	,5.6444397	,6.1976681	,6.6260223	,7.1642475	,7.8116531	,8.4733429	,8.8031845	,10.1780930	,11.1038990	,12.3400116	,13.6665707	,15.3543243	,17.0945911	,19.0892868	,21.2927933	,24.0049667	,26.3666496	,27.4435825	,33.5449448	,36.0411987	,48.6750641	,68.1748734	,110.2663574	,262.2154236	,13.3161888	,340.8420715	,144.3061218	,83.8310776	,63.5564575	,50.7906036	,40.8376617	,37.9260406	,35.8168259	,33.7076111	,33.9603195	,31.7414837	,28.7329769	,25.5489178	,21.1506863	,19.1832333	,17.0839596	,
151.5299988	,1.9962311	,2.4176102	,2.7394257	,3.4115684	,3.9043579	,4.0153580	,4.4172173	,4.7055130	,5.1663365	,5.5060425	,5.9518671	,6.4806900	,7.0269012	,7.2919655	,8.4170609	,9.1612844	,10.1581268	,11.2275476	,12.5486069	,13.9444695	,15.5290985	,17.2642212	,19.3632259	,21.1763992	,21.8192368	,26.3297043	,27.6988792	,36.0444031	,45.8781815	,62.5211182	,104.2389221	,288.2681274	,26.0523834	,252.6367340	,106.6636353	,70.2028503	,51.4816437	,39.4327621	,35.4273987	,32.9616013	,30.4958038	,30.2804489	,28.2433548	,25.4738083	,22.5733414	,18.5893173	,16.8092880	,14.9200516	,
160.4175110	,2.0945053	,2.5270653	,2.8580780	,3.5197959	,4.0220184	,4.1668129	,4.5070229	,4.8682976	,5.3152437	,5.6846008	,6.1351490	,6.6843109	,7.2104187	,7.5076599	,8.6306152	,9.3988619	,10.3981781	,11.4636946	,12.7672958	,14.1570568	,15.7229080	,17.4237213	,19.4625092	,21.2057037	,21.8280602	,25.9245148	,27.0980186	,34.2223892	,41.4204559	,51.3922424	,70.2764740	,129.1577301	,262.8308716	,-19.0292892	,222.4787140	,112.1663055	,70.6104279	,49.7779350	,42.1586304	,38.2326508	,34.3066711	,33.9839935	,31.6398315	,28.4413147	,25.1373520	,20.6056061	,18.6054840	,16.4841156	,
158.4458618	,2.0343018	,2.4459286	,2.7633362	,3.3927708	,3.8791428	,3.9921951	,4.3262215	,4.6549301	,5.0776453	,5.4247894	,5.8509693	,6.3658752	,6.8618469	,7.1329956	,8.1880646	,8.8996363	,9.8164063	,10.8074474	,12.0031738	,13.2701626	,14.6976395	,16.2351837	,18.0667114	,19.6138840	,20.1161194	,23.6386795	,24.5419884	,30.4516144	,35.7245827	,42.0509949	,51.1368103	,74.3378296	,110.4535980	,216.5943298	,-5.1100540	,261.3216553	,115.8451996	,69.8039780	,50.7198792	,43.1098785	,33.9535065	,33.0075989	,30.3509979	,26.7678680	,23.1800919	,18.2885742	,16.1622772	,13.9207764	,
163.1700592	,2.0838318	,2.4909458	,2.7927856	,3.4058018	,3.9081268	,4.0214996	,4.3252602	,4.6773262	,5.1179008	,5.4511414	,5.8762703	,6.3746567	,6.8903198	,7.1464310	,8.1850739	,8.8639631	,9.7602386	,10.7342453	,11.9036179	,13.1364079	,14.5102692	,15.9879990	,17.7508392	,19.2174606	,19.5488853	,22.9820175	,23.6077957	,29.2917786	,33.6352615	,38.8146362	,44.7281494	,58.3572235	,75.3694916	,113.2030945	,267.4682922	,72.4919662	,223.4870605	,96.3534088	,63.4763641	,51.0436249	,38.8109818	,36.6910172	,33.5777931	,29.4237061	,25.3788757	,19.9316101	,17.5808868	,15.1261749	,
160.3322754	,2.0256882	,2.4038143	,2.6798859	,3.2522898	,3.6589508	,3.8092728	,4.4862862	,4.4125710	,4.8288698	,5.1383514	,5.5347633	,5.9954300	,6.4808426	,6.7229805	,7.6689987	,8.2856789	,9.1042633	,10.0019569	,11.0707932	,12.1770048	,13.4116211	,14.7307663	,16.3111820	,17.6034622	,17.8343201	,20.8698578	,21.3549156	,26.3163300	,29.8632431	,33.9707794	,37.8341751	,46.1488113	,54.6010742	,70.4428558	,116.4387360	,216.6319885	,26.3240833	,193.5437775	,89.2343369	,63.1001205	,43.9777908	,39.5801086	,35.8034973	,31.0101471	,26.5913162	,20.7652435	,18.2621155	,15.7067871	,
144.4230499	,1.8065186	,2.1102295	,2.3146820	,2.7848706	,3.0994644	,3.2295341	,3.4670715	,3.7143936	,4.0226440	,4.3088531	,4.6340961	,5.0323639	,5.3879776	,5.6357727	,6.3775482	,6.9030437	,7.5386963	,8.2837114	,9.1403847	,10.0051317	,10.9669647	,11.9912033	,13.2291451	,14.2240906	,14.4711189	,16.6832504	,17.1138802	,20.8054199	,23.4502449	,26.2717743	,28.7183228	,33.6602936	,37.9495392	,45.0081940	,63.5097809	,84.6267700	,171.4474335	,-8.6951847	,160.0862274	,83.4368515	,49.1663437	,39.5095215	,34.8863297	,29.5848999	,25.1479416	,19.5236053	,17.1149750	,14.7284241	,
160.6717529	,1.9615631	,2.3033676	,2.5397797	,3.0462523	,3.4130173	,3.5634422	,3.7839890	,4.1149597	,4.4456940	,4.7616272	,5.1243839	,5.5580826	,5.9499512	,6.2118645	,7.0442047	,7.6239986	,8.3334503	,9.1518316	,10.1153336	,11.0544109	,12.1228638	,13.2502213	,14.6082954	,15.6921844	,15.9133072	,18.3254013	,18.7296829	,22.7398300	,25.4351654	,28.3485565	,30.5777664	,34.9676476	,38.1381912	,42.7218781	,51.4374619	,62.3227997	,88.5332336	,175.7051239	,33.7329788	,213.6486206	,87.8075943	,57.1872940	,48.1565323	,39.3358765	,32.9947205	,25.2934875	,21.8695068	,18.7884827	,
152.1884003	,1.8367538	,2.1627293	,2.3903809	,2.9046535	,3.2444687	,3.3590622	,3.7972260	,3.8818741	,4.1908188	,4.4811859	,4.8174019	,5.2230682	,5.5853500	,5.8235207	,6.6086578	,7.1511745	,7.8113251	,8.5771685	,9.4582291	,10.3476267	,11.3453064	,12.3917770	,13.6465912	,14.6453018	,14.8093452	,17.0193329	,17.3416176	,20.9647446	,23.3256512	,25.9155884	,27.6951294	,31.3068504	,33.6495132	,36.7461395	,41.7903137	,47.8690186	,59.5164490	,86.9848480	,198.8361206	,-19.1975498	,177.1415100	,78.1143341	,59.9400253	,46.0417633	,37.7968979	,28.2119446	,24.2303009	,20.6949463	,
159.8345184	,1.8992310	,2.2159309	,2.4233704	,2.9281235	,3.2365265	,3.3888397	,3.7288055	,3.9013901	,4.2124319	,4.5007629	,4.8359108	,5.2346954	,5.6041183	,5.8501244	,6.6119537	,7.1432343	,7.7907715	,8.5485582	,9.4063911	,10.2585096	,11.2040024	,12.1911316	,13.3800240	,14.3231812	,14.4759483	,16.5597839	,16.8658676	,20.2945557	,22.5126991	,24.9075165	,26.5188446	,29.7050400	,31.6179504	,33.5832672	,36.9971161	,40.4660187	,46.2430496	,56.0974655	,89.3414307	,187.2617798	,-14.2050667	,145.6403656	,90.9474106	,61.9591675	,47.4879761	,33.7393799	,28.2713013	,23.6775818	,
145.5590210	,1.6473694	,1.9492722	,2.1647186	,2.6495752	,2.9533768	,3.0552139	,3.2927704	,3.5305939	,3.8144579	,4.0582123	,4.3501625	,4.7090912	,5.0239258	,5.2154236	,5.9184494	,6.3787422	,6.9507599	,7.5903378	,8.3056145	,9.0503540	,9.8794708	,10.7421799	,11.7294121	,12.5580826	,12.6194382	,14.4478989	,14.6321640	,17.5718689	,19.3850613	,21.3394165	,22.6338425	,25.1612663	,26.6125259	,28.3114548	,30.4677963	,32.8693542	,35.7180862	,39.4215698	,51.1842651	,73.6289673	,127.9535828	,7.8894539	,261.0785522	,109.2041779	,69.3793259	,43.1747742	,34.7506409	,27.8303375	,
123.3711929	,1.3774490	,1.6327477	,1.8052979	,2.1891508	,2.5509796	,2.5529289	,2.7146149	,2.9489746	,3.1610727	,3.3816223	,3.6206455	,3.9159851	,4.1720276	,4.3273849	,4.9052963	,5.2810459	,5.7532043	,6.2699547	,6.8398590	,7.4412079	,8.1052704	,8.7931290	,9.5737381	,10.2402039	,10.2673187	,11.7220764	,11.8443604	,14.1922607	,15.5772190	,17.0780716	,18.0757217	,20.0483932	,21.1698685	,22.4599915	,24.0354156	,25.7876587	,27.6399612	,29.7353973	,36.7692490	,48.2609940	,67.6775665	,217.7997589	,-22.2902298	,199.4007416	,90.1468353	,47.6195755	,36.2149963	,28.0725403	,
139.8776550	,1.5494766	,1.8221569	,2.0026093	,2.4087124	,2.6857605	,2.8009415	,3.0746346	,3.2248859	,3.4647875	,3.6890717	,3.9465332	,4.2626343	,4.5342255	,4.7095375	,5.3215866	,5.7205925	,6.2168427	,6.7728901	,7.3716736	,7.9908152	,8.6663132	,9.3627548	,10.1495514	,10.8225250	,10.8350906	,12.3189621	,12.4130783	,14.7609749	,16.1106224	,17.5862885	,18.5512695	,20.4759560	,21.5549011	,22.7904892	,24.2153625	,25.8262329	,27.3170204	,28.7402954	,34.2663040	,42.2291870	,51.5947113	,103.7649002	,222.4597778	,37.6412201	,280.4977417	,89.8358154	,59.1972961	,42.6850281	,
88.7120819	,0.9432526	,1.1058731	,1.2031250	,1.4523697	,1.6751251	,1.6635704	,1.7295094	,1.9116554	,2.0600719	,2.1924133	,2.3468666	,2.5348740	,2.6978378	,2.8136406	,3.1679688	,3.3991852	,3.6950531	,4.0333042	,4.3865967	,4.7334957	,5.1060104	,5.4848633	,5.9199486	,6.2900238	,6.2935944	,7.0876923	,7.1505203	,8.4292679	,9.1499987	,9.9088135	,10.4239388	,11.4735489	,12.0558243	,12.6959229	,13.3911972	,14.2085266	,14.9217987	,15.5577087	,18.2899857	,22.0642242	,25.5897217	,41.7904472	,63.5363159	,173.4303131	,30.1567059	,165.1315308	,68.2380981	,41.8755646	,
57.0027580	,0.5733643	,0.6651459	,0.7159424	,0.8278418	,0.8609848	,0.9490089	,1.0517826	,1.0857582	,1.1732883	,1.2536621	,1.3436985	,1.4566040	,1.5546722	,1.6503639	,1.8181152	,1.9594650	,2.1413879	,2.3462849	,2.5504417	,2.7348027	,2.9132385	,3.0963135	,3.3200150	,3.5017700	,3.5137329	,3.8772888	,3.9352722	,4.5632172	,4.9118176	,5.2479630	,5.4993973	,6.0222511	,6.3108139	,6.5944214	,6.8769226	,7.2934875	,7.5554199	,7.8242302	,9.0838318	,10.6278992	,12.2644501	,16.6484280	,21.3616180	,35.2528267	,102.0563507	,35.8946571	,345.4635620	,135.1718292	,
68.3985901	,0.6832962	,0.7844315	,0.8403320	,0.9687023	,1.0786591	,1.1088104	,1.1772652	,1.2605457	,1.3613777	,1.4537506	,1.5578041	,1.6876907	,1.8005142	,1.8989334	,2.1075897	,2.2602768	,2.4633484	,2.6981220	,2.9330635	,3.1296685	,3.3180923	,3.5112610	,3.7475204	,3.9404526	,3.9555740	,4.3463631	,4.4055099	,5.0695992	,5.4232483	,5.7808609	,6.0497208	,6.5910568	,6.8865509	,7.1856842	,7.4809723	,7.9120483	,8.1549835	,8.3949966	,9.6429749	,11.1506958	,12.7363281	,16.3707962	,19.9280319	,28.3345490	,51.6540718	,408.6372375	,43.0874519	,580.1866455	,
72.5460587	,0.7209930	,0.8146095	,0.8562469	,0.9946299	,1.0975189	,1.1173630	,1.1637878	,1.2613106	,1.3631659	,1.4618225	,1.5675240	,1.6987381	,1.8161316	,1.9267235	,2.1378632	,2.2742004	,2.4766541	,2.7190666	,2.9545403	,3.1412020	,3.3076096	,3.4697266	,3.6880341	,3.8580399	,3.8838348	,4.2256851	,4.2903290	,4.8775139	,5.2005348	,5.5237045	,5.7591209	,6.2461395	,6.5071564	,6.7815247	,7.0314751	,7.3856812	,7.6133652	,7.8422165	,8.9414215	,10.2531433	,11.5500107	,14.1405821	,16.2749710	,21.9430923	,33.8885498	,170.7629395	,611.0951538	,42.3356285	,
