电流	  ,电压1	  ,电压2	  ,电压3	  ,电压4	  ,电压5	  ,电压6	  ,电压7	  ,电压8	  ,电压9	  ,电压10	  ,电压11	  ,电压12	  ,电压13	  ,电压14	  ,电压15	  ,电压16	  ,电压17	  ,电压18	  ,电压19	  ,电压20	  ,电压21	  ,电压22	  ,电压23	  ,电压24	  ,电压25	  ,电压26	  ,电压27	  ,电压28	  ,电压29	  ,电压30	  ,电压31	  ,电压32	  ,电压33	  ,电压34	  ,电压35	  ,电压36	  ,电压37	  ,电压38	  ,电压39	  ,电压40	  ,电压41	  ,电压42	  ,电压43	  ,电压44	  ,电压45	  ,电压46	  ,电压47	  ,电压48	  ,
90.4697800	,-276.1627808	,338.3962708	,43.2657318	,6.8881803	,6.2539282	,1.7217102	,1.4776306	,3.5359726	,5.5943146	,8.8438034	,6.4026947	,4.3018684	,4.5313339	,2.7222137	,5.1842041	,3.7236252	,2.2630463	,1.7914267	,2.6029053	,3.6487427	,3.3485165	,2.4171638	,2.7004948	,2.7385139	,2.7765331	,2.5755482	,2.3730793	,1.9813938	,1.4134355	,1.2257476	,1.1031284	,1.3528614	,1.6025944	,1.6587772	,1.6464434	,2.0497303	,1.7845783	,1.7383518	,1.8086643	,1.6202335	,1.4318027	,1.3240237	,1.3452029	,1.3370395	,1.3054996	,1.3298984	,1.4673190	,1.3676028	,
130.1167603	,483.1688232	,-289.0562134	,215.8932190	,20.0042496	,15.2162390	,6.7644196	,6.0628624	,8.9583054	,11.8537483	,16.6533852	,12.9308205	,9.7548218	,10.0549355	,7.3924904	,10.9309254	,8.8099022	,6.6888790	,6.0022459	,7.1274996	,8.6139126	,8.1649113	,6.8554974	,7.2229185	,7.2077656	,7.1926126	,6.9267702	,6.6512804	,6.0996981	,5.3110399	,5.0548906	,4.8893747	,5.2294054	,5.5694361	,5.6542597	,5.6288605	,6.1762018	,5.8098917	,5.7521524	,5.8492212	,5.5848322	,5.3204436	,5.2262325	,5.2396526	,5.2409954	,5.1753368	,5.2272015	,5.3758526	,5.3130016	,
147.0665436	,78.4468384	,246.9676514	,-292.1977539	,47.1860466	,20.8109474	,10.8583183	,9.5027771	,11.2665176	,13.0302582	,16.3441925	,13.6575851	,11.4529228	,11.6125374	,9.8189926	,12.0783672	,10.6738358	,9.2693043	,8.8240957	,9.5028744	,10.3813801	,10.0937185	,9.2802029	,9.4772358	,9.4646053	,9.4519749	,9.2799816	,9.1100903	,8.7952251	,8.3487606	,8.2046576	,8.1127682	,8.2836437	,8.4545193	,8.4874630	,8.4690027	,8.7249813	,8.5462170	,8.5137234	,8.5531063	,8.4236889	,8.2942715	,8.2575054	,8.2731438	,8.2645836	,8.2111320	,8.2553673	,8.3150749	,8.2922173	,
164.2227478	,25.5732880	,34.7170563	,52.8426819	,-246.7333984	,87.2599030	,20.8453712	,13.0873489	,13.1576538	,13.2279587	,15.5031357	,13.4484711	,11.8793144	,11.9351273	,10.7285843	,12.1073456	,11.1946335	,10.2819214	,10.0018320	,10.3705454	,10.8263397	,10.6490898	,10.1818810	,10.2572231	,10.2374382	,10.2176533	,10.1206799	,10.0252972	,9.8723202	,9.6680250	,9.5977049	,9.5567379	,9.6094494	,9.6621609	,9.6626034	,9.6463509	,9.7014675	,9.6522503	,9.6331844	,9.6334133	,9.5987148	,9.5640163	,9.5268440	,9.5573139	,9.5292530	,9.5186176	,9.5216389	,9.5349293	,9.4963703	,
141.5845184	,21.2494812	,25.0078430	,21.7273254	,72.4364319	,-246.8269043	,143.1910248	,30.3553200	,19.3230667	,10.0375671	,13.2491913	,9.8195801	,7.3685417	,7.4205513	,5.6165695	,7.6515846	,6.3070755	,5.6383057	,5.2258596	,5.7773228	,6.4817047	,6.2205791	,5.5256920	,5.6569800	,5.6340942	,5.6112084	,5.4678922	,5.3292356	,5.0844922	,4.7544465	,4.6441636	,4.5779500	,4.6869016	,4.7958531	,4.8125615	,4.7911377	,4.9397054	,4.8288274	,4.8028646	,4.8206029	,4.7453389	,4.6700749	,4.6272058	,4.6467981	,4.6244745	,4.6102533	,4.6189966	,4.6494074	,4.6193323	,
141.4968719	,14.9148865	,16.6922455	,13.3780670	,17.8118134	,139.9290314	,-259.1331177	,122.3408051	,33.7284393	,12.2901001	,14.4207382	,10.4496918	,8.0938568	,8.0664749	,6.4767685	,8.1320381	,6.9871330	,6.4217377	,6.0788240	,6.4955502	,7.0119781	,6.7992439	,6.2576790	,6.3343945	,6.3203392	,6.3062840	,6.1928444	,6.0870094	,5.9141045	,5.6906281	,5.6124878	,5.5688133	,5.6269112	,5.6850090	,5.6869469	,5.6653700	,5.7265358	,5.6708565	,5.6519890	,5.6509819	,5.6137581	,5.5765343	,5.5429173	,5.5730705	,5.5407372	,5.5359764	,5.5340843	,5.5398369	,5.5125084	,
155.4626007	,16.1177368	,17.5444336	,13.4135132	,12.6044617	,32.8818436	,131.0781555	,-259.0244751	,232.4522705	,32.8676300	,28.5885162	,15.7378387	,10.7005157	,10.4870338	,7.5774918	,10.4490852	,8.4295387	,7.4433136	,6.8467188	,7.5591578	,8.4716644	,8.1013680	,7.1763840	,7.3127298	,7.2526932	,7.1926565	,7.0115614	,6.8361616	,6.5281630	,6.1233721	,5.9854155	,5.9074354	,6.0318251	,6.1562147	,6.1825666	,6.1253357	,6.3311262	,6.2054014	,6.1700163	,6.1793928	,6.1243696	,6.0693464	,6.0261817	,6.0412326	,6.0214419	,6.0086703	,6.0117526	,6.0390048	,6.0083194	,
156.5117188	,18.4230804	,19.8261719	,14.1902771	,11.6236420	,20.1970596	,34.9392624	,229.5121765	,-269.4389038	,195.9188080	,93.1136627	,27.9594421	,14.5911083	,13.6566658	,7.9731293	,13.2204056	,9.4562607	,7.6381836	,6.5434275	,7.8291669	,9.5244293	,8.8461914	,7.1720734	,7.4383693	,7.2998314	,7.1612935	,6.8369527	,6.5225835	,5.9426122	,5.1768861	,4.9238648	,4.7748799	,5.0397191	,5.3045583	,5.3588643	,5.3161097	,5.7027822	,5.4231114	,5.3693242	,5.4240499	,5.2308736	,5.0376973	,4.9727664	,4.9706893	,4.9671340	,4.9335799	,4.9508529	,5.0222487	,4.9899459	,
154.2903137	,11.9703217	,12.6110077	,10.1278076	,8.8334064	,11.5479622	,12.9207687	,31.9189987	,190.2043762	,-298.3751831	,263.1484375	,34.9154968	,14.1553326	,12.4564705	,8.2585526	,11.5356236	,8.8894920	,7.8518524	,7.1737471	,7.8759718	,8.7834778	,8.3758678	,7.4045029	,7.5231719	,7.4436264	,7.3640809	,7.1726823	,6.9981065	,6.7004075	,6.3211007	,6.1970706	,6.1259294	,6.2287583	,6.3315873	,6.3527818	,6.2952523	,6.4690690	,6.3595185	,6.3301606	,6.3246903	,6.2914338	,6.2581773	,6.2217669	,6.2308269	,6.2150950	,6.2068400	,6.2036510	,6.2191539	,6.1898570	,
163.2411804	,17.6330261	,18.4735870	,13.5111237	,10.7258186	,15.1517754	,15.4147034	,28.8988571	,96.5132599	,274.9894104	,-275.3623657	,200.4846954	,37.8499756	,25.2174358	,11.7677078	,19.9333954	,13.1774254	,10.2761993	,8.5274811	,10.3389769	,12.7339783	,11.6945648	,9.2443695	,9.5703897	,9.3170319	,9.0636740	,8.6073408	,8.1686201	,7.3687849	,6.3167334	,5.9786196	,5.7786207	,6.1286116	,6.4786024	,6.5651503	,6.4817028	,7.0351820	,6.6595411	,6.5854139	,6.6487532	,6.4251738	,6.2015944	,6.1228485	,6.1117973	,6.1123772	,6.0692711	,6.0896721	,6.1835594	,6.1460991	,
145.7798309	,12.7997513	,13.3011322	,10.3489990	,8.6958342	,10.9872627	,10.6755524	,14.8370972	,26.9881134	,32.3630981	,176.5249329	,-266.2543335	,125.4680481	,40.8969574	,13.4033813	,20.2260284	,13.0824089	,10.2242279	,8.5902424	,10.0734825	,12.0222321	,11.1011276	,9.0144310	,9.2301741	,9.0025253	,8.7748766	,8.3732824	,8.0106726	,7.3753271	,6.5559549	,6.2886705	,6.1348639	,6.3862524	,6.6376410	,6.6999426	,6.6225858	,7.0190191	,6.7502356	,6.6896811	,6.7262793	,6.5816870	,6.4370947	,6.3792453	,6.3738837	,6.3675971	,6.3404365	,6.3501258	,6.4063544	,6.3749061	,
161.2140961	,11.1339722	,11.5140381	,9.7861328	,8.8251152	,10.1649475	,9.9243927	,12.0317612	,17.0659332	,15.6533508	,38.3864441	,136.3440247	,-233.0214233	,181.0205688	,22.5683289	,23.7545586	,14.3541718	,11.2724915	,9.7054157	,10.9073820	,12.4570923	,11.6396914	,9.8696136	,9.9838753	,9.7675781	,9.5512810	,9.2231369	,8.9286957	,8.4358749	,7.8150892	,7.6145935	,7.5008926	,7.6640320	,7.8271713	,7.8571396	,7.8416710	,7.9901123	,7.8344650	,7.7973862	,7.8165665	,7.6820984	,7.5476303	,7.5056968	,7.5039706	,7.4923587	,7.4791903	,7.4771304	,7.4975009	,7.4696078	,
148.1887207	,10.5202484	,10.8353882	,9.0871124	,8.0913086	,9.3377266	,9.0382614	,10.8110046	,14.7881622	,12.5961304	,23.9485931	,41.2275543	,163.8521423	,-230.9720459	,133.5372009	,59.0003738	,21.0898056	,13.2159882	,10.4017839	,12.0495110	,14.2378845	,12.9974937	,10.4098549	,10.5397844	,10.1984749	,9.8571653	,9.3856306	,8.9728193	,8.2836561	,7.4173136	,7.1377649	,6.9794950	,7.2158613	,7.4522276	,7.5107756	,7.4293227	,7.7791548	,7.5342741	,7.4726210	,7.4922514	,7.3707380	,7.2492247	,7.1980624	,7.1890979	,7.1823688	,7.1581683	,7.1606097	,7.2005267	,7.1721911	,
157.4084320	,8.6792908	,8.9402161	,8.3990631	,8.1110458	,8.5853710	,8.5218048	,9.2381287	,10.7209778	,9.8792725	,13.3548584	,15.3998413	,21.9533882	,139.6119232	,-271.1807251	,133.2365723	,26.9571381	,13.2865448	,10.4440098	,11.3830271	,12.6527405	,11.7740021	,10.0768814	,10.0590439	,9.8130836	,9.5671234	,9.2678747	,9.0148382	,8.6299276	,8.1653757	,8.0204935	,7.9411230	,8.0243444	,8.1075659	,8.1483068	,8.0821743	,8.1941137	,8.1111212	,8.0742483	,8.0523596	,8.0487967	,8.0452337	,8.0174522	,8.0264168	,8.0081062	,8.0065041	,7.9902382	,7.9789314	,7.9556313	,
156.5989380	,11.9391556	,12.1707306	,9.7837219	,8.3939514	,9.8212204	,9.3354187	,11.1052246	,14.9686432	,12.1446533	,20.1142731	,21.7562866	,22.1769505	,61.3002777	,129.3663330	,-249.1162720	,286.7715149	,45.3657990	,19.4237328	,22.5015411	,27.6702728	,23.8562851	,16.6852188	,16.7496357	,15.6684799	,14.5873241	,13.3994923	,12.3783512	,10.6970463	,8.5949554	,7.9375706	,7.5609837	,8.1327305	,8.7044773	,8.8444309	,8.7021255	,9.5142231	,8.9211674	,8.7854328	,8.8665257	,8.5229740	,8.1794224	,8.0758667	,8.0421562	,8.0438042	,7.9828758	,8.0055656	,8.1248283	,8.0762444	,
161.3138428	,10.2881546	,10.5074158	,9.1310425	,8.3409767	,9.2003803	,8.9052429	,9.9394226	,12.1313629	,10.5532990	,14.8394928	,15.3898926	,14.3080654	,22.9600677	,26.6016846	,292.0564270	,-253.7225952	,158.0825195	,25.3191185	,24.1976395	,28.0361786	,23.7976551	,16.7290306	,16.5077667	,15.4236908	,14.3396149	,13.3038235	,12.3449993	,10.9282207	,9.1293812	,8.6209221	,8.2966213	,8.7422771	,9.1879330	,9.3057766	,9.1777411	,9.7685452	,9.3264065	,9.2122402	,9.2561855	,9.0163097	,8.7764339	,8.6997671	,8.6740427	,8.6678324	,8.6262827	,8.6347208	,8.7072611	,8.6636057	,
136.4216309	,7.9020767	,8.0735474	,7.3764648	,6.9831982	,7.4378567	,7.3005905	,7.8589325	,8.9999542	,8.0028381	,10.4481049	,10.4578552	,9.8920069	,12.4961433	,11.1910095	,39.4413605	,130.8269653	,-311.8450317	,52.6086464	,26.5567532	,26.4582214	,21.6262722	,14.7104607	,14.2366514	,13.1778412	,11.7262373	,10.8478088	,10.0435181	,8.9182510	,7.5098724	,7.1162815	,6.8641739	,7.1833496	,7.5025253	,7.5555038	,7.5004215	,7.8145218	,7.5205383	,7.4441376	,7.4722672	,7.2615280	,7.0507889	,6.9956250	,6.9802251	,6.9686437	,6.9425054	,6.9428868	,6.9823308	,6.9495244	,
137.4819946	,7.3768082	,7.5409088	,7.1513214	,6.9324155	,7.2330008	,7.1588440	,7.5312576	,8.2452850	,7.6524353	,9.2185516	,9.1797485	,8.7930870	,10.1841030	,9.0478210	,17.6012878	,20.8710022	,50.3004761	,-278.1079712	,85.8000488	,38.5863037	,27.2018242	,16.4630165	,15.2797623	,13.8832016	,12.1889858	,11.1396561	,10.3255005	,9.1349182	,7.7601910	,7.3193016	,7.0870209	,7.3649750	,7.6429291	,7.7278442	,7.6443601	,7.9511414	,7.6803894	,7.6024551	,7.6134186	,7.4573364	,7.3012543	,7.2568417	,7.2419033	,7.2290249	,7.2067623	,7.2019405	,7.2295895	,7.1955166	,
131.7788696	,7.9146423	,8.0467682	,7.1560974	,6.6486602	,7.1475716	,6.9564209	,7.5248718	,8.7072906	,7.6334839	,10.0020142	,9.8561554	,9.1164484	,10.9549675	,9.2163391	,19.2875443	,19.3542862	,24.5000305	,78.5409088	,-275.1263428	,216.6511230	,88.3214569	,32.5631104	,26.2004662	,22.2260361	,18.1766605	,15.7495499	,13.9295197	,11.3228912	,8.3156071	,7.3916111	,6.8882523	,7.5160980	,8.1439438	,8.2553635	,8.0949469	,8.8367233	,8.2202988	,8.0575790	,8.1172562	,7.7455215	,7.3737869	,7.2761750	,7.2323899	,7.2303452	,7.1704698	,7.1824632	,7.2714219	,7.2249742	,
145.4673920	,10.0705566	,10.1502380	,8.3599396	,7.3127737	,8.1977253	,7.7924194	,8.7415009	,10.7608109	,8.8457794	,12.7550964	,12.4252014	,11.0388327	,13.8384562	,10.9582367	,25.7933350	,24.6839676	,27.1450043	,39.1253586	,235.1183777	,-321.1182861	,728.0449219	,114.4987106	,59.8877373	,45.2237625	,34.3091393	,28.2309570	,23.8681946	,17.8696899	,11.0896606	,9.0183697	,7.9038696	,9.2825165	,10.6611633	,10.8794556	,10.5384579	,12.2001572	,10.8391571	,10.4897156	,10.6412048	,9.8113403	,8.9814758	,8.7782774	,8.6742601	,8.6845751	,8.5534563	,8.5931139	,8.8141680	,8.7284899	,
150.6031494	,9.9857941	,10.0621033	,8.4611816	,7.5200205	,8.3203917	,7.9527283	,8.8024902	,10.6102600	,8.8966980	,12.3609161	,12.0407715	,10.7888956	,13.1873503	,10.6386414	,23.1841125	,21.8646545	,23.0718536	,28.6443558	,99.6916504	,750.9928589	,-279.7847900	,288.8639526	,86.4281693	,56.5885620	,40.6112366	,32.5992584	,27.1531677	,20.0139465	,12.1436100	,9.7663708	,8.5034103	,9.9942017	,11.4849930	,11.7178726	,11.3303833	,13.0800095	,11.6208572	,11.2357864	,11.3783798	,10.5032120	,9.6280441	,9.4190321	,9.3084898	,9.3110533	,9.1738615	,9.2096586	,9.4316740	,9.3377104	,
174.4326019	,10.2314682	,10.3409882	,9.2820435	,8.6567173	,9.2139463	,8.9825211	,9.6010361	,10.8611603	,9.6788940	,12.1488037	,11.9162750	,11.0317240	,12.6917210	,10.8731079	,19.3552017	,18.1718674	,18.4415436	,20.2620316	,42.7673721	,136.9320679	,331.8305359	,-283.5007324	,211.2572479	,82.1661530	,50.5695648	,38.6765289	,31.5138092	,23.0523376	,14.1653500	,11.5802364	,10.2112808	,11.6951599	,13.1790390	,13.3990402	,12.9842310	,14.6276398	,13.2057343	,12.8071136	,12.9164352	,12.0903473	,11.2642593	,11.0633640	,10.9595165	,10.9495983	,10.8250408	,10.8464947	,11.0312328	,10.9359264	,
150.0766144	,5.5859146	,5.6524200	,4.5182343	,3.8469448	,4.4020948	,4.1446533	,4.7275391	,5.9411469	,8.2878265	,10.6345062	,10.3508911	,9.4822130	,10.9321690	,9.2383881	,16.6017113	,15.3407135	,15.2572021	,16.0729523	,29.5443306	,61.6474304	,85.2854309	,178.6128540	,-272.5018311	,200.5213318	,82.5991821	,55.2826843	,42.2321625	,28.5698853	,15.3755398	,11.5925312	,9.7005005	,11.6367950	,13.5730896	,13.7706757	,13.2030830	,15.3298111	,13.4684677	,12.9424667	,13.0724792	,12.0042267	,10.9359741	,10.6742353	,10.5419149	,10.5314169	,10.3716879	,10.4000998	,10.6352072	,10.5213766	,
173.8646088	,6.5198059	,6.6008224	,5.2852402	,4.5181694	,5.1486235	,4.8387222	,5.4784775	,6.7968140	,9.3523865	,11.9079590	,11.5658493	,10.5936737	,12.1029558	,10.2727051	,17.9023590	,16.4746857	,16.2251587	,16.7637634	,28.9987907	,54.0014648	,64.9407654	,80.8306427	,229.0055237	,-286.9696045	,219.5255432	,103.4620056	,70.2133026	,43.7108612	,21.2323685	,15.0823040	,12.1288986	,14.9146118	,17.7003250	,17.9086838	,17.0501595	,20.0349655	,17.3743515	,16.6010666	,16.7593918	,15.2596893	,13.7599869	,13.3919649	,13.1994867	,13.1822443	,12.9600153	,12.9978724	,13.3045282	,13.1566401	,
174.8184204	,6.3491058	,6.4142685	,5.2768936	,4.5947495	,5.1410007	,4.8747101	,5.4308395	,6.5552673	,8.7416840	,10.9281006	,10.6204987	,9.7767410	,11.0254660	,9.4625092	,15.7479858	,14.4770584	,14.7318268	,14.9865952	,24.0034866	,41.5070953	,47.2068253	,50.2419281	,95.4077148	,218.4958496	,-267.3493042	,268.5068665	,124.6528931	,64.3927460	,27.0372009	,17.8083229	,13.7052765	,17.0661163	,20.4269562	,20.5740967	,19.4544334	,22.9360275	,19.7349319	,18.7766800	,18.9177094	,17.1626205	,15.4075317	,14.9784660	,14.7498932	,14.7198486	,14.4639740	,14.5010223	,14.8301392	,14.6596222	,
165.9969025	,6.2917595	,6.3603096	,5.4141884	,4.8534460	,5.2974834	,5.0918465	,5.5525360	,6.4896431	,8.3038368	,10.1180305	,9.8531761	,9.1600494	,10.1618328	,8.8842201	,13.9119911	,12.8483543	,12.9665222	,13.0846901	,19.8588524	,32.6264496	,36.1831818	,36.5849686	,60.8858109	,98.3500443	,252.8120117	,-302.7319946	,276.0937195	,93.9799728	,32.1405106	,19.4037704	,14.3052521	,17.8802032	,21.4551544	,21.5200195	,20.2353058	,23.8688507	,20.4426498	,19.3885040	,19.4985504	,17.6616440	,15.8247375	,15.3780365	,15.1368351	,15.0963535	,14.8323154	,14.8621159	,15.1842594	,15.0053349	,
134.9291382	,5.3147888	,5.3843994	,4.7370605	,4.3590140	,4.6800289	,4.5266953	,4.8469543	,5.4783554	,6.7601089	,8.0418625	,7.8524170	,7.3816566	,8.0655575	,7.1854172	,10.6098175	,9.8625259	,9.9065704	,9.9506149	,14.4059200	,22.6150818	,24.6878128	,24.4031296	,38.0257645	,54.6353760	,96.2170105	,223.0684509	,-317.7484131	,174.5820007	,36.0242996	,18.3348236	,12.7403564	,15.7845306	,18.8287048	,18.7493896	,17.5438519	,20.6463318	,17.6396790	,16.6957397	,16.7590485	,15.1824570	,13.6058655	,13.2234049	,13.0142946	,12.9717073	,12.7497835	,12.7684298	,13.0228395	,12.8723879	,
163.8362427	,6.8305206	,6.9386749	,6.5050659	,6.2604103	,6.4952164	,6.4100800	,6.6709442	,7.1718597	,8.2075348	,9.2432098	,9.1109009	,8.7464275	,9.3132915	,8.5986786	,11.4124985	,10.8048630	,10.8308105	,10.8567581	,14.4196892	,20.9094086	,22.4264603	,21.8822861	,31.5151062	,41.6170349	,60.5408821	,92.1688232	,209.5801697	,-301.7979736	,98.0150757	,28.9942055	,17.1165695	,20.0251617	,22.9337540	,22.6475143	,21.0806274	,24.5074844	,21.0369797	,19.9050140	,19.9181900	,18.1679916	,16.4177933	,15.9956598	,15.7570963	,15.6967020	,15.4579325	,15.4641275	,15.7052011	,15.5415812	,
150.8195648	,6.6951370	,6.8280258	,6.8964615	,6.9260130	,6.9874134	,7.0112839	,7.1073112	,7.2154770	,7.5966415	,7.9778061	,7.9785461	,7.9169178	,8.1323433	,7.9092331	,8.9288292	,8.7391281	,8.7631226	,8.7871170	,10.1341906	,12.5321503	,13.0831833	,12.8166656	,16.0762901	,19.1677170	,23.8626766	,29.3434296	,39.7273865	,88.0435028	,-276.7899170	,108.8507233	,27.2556229	,20.7460327	,14.0070648	,13.2610779	,11.8345547	,14.0155945	,11.5738373	,10.7277679	,10.6607056	,9.5198059	,9.0708723	,8.8029213	,8.6427002	,8.5798340	,8.4406738	,8.4238281	,8.5379028	,8.4212341	,
157.2746429	,7.3342285	,7.4913177	,7.7037811	,7.8655109	,7.8392467	,7.8959961	,7.9478569	,7.9429474	,7.9839783	,8.1443024	,8.1872559	,8.2103081	,8.3355236	,8.2437134	,8.8014679	,8.7293091	,8.7216644	,8.7528076	,9.5449314	,10.9265900	,11.2620392	,11.1034012	,12.9227715	,14.5550995	,16.7338104	,18.8324280	,21.4216156	,27.6016083	,110.2957001	,-275.8005371	,114.9123688	,40.3427429	,17.3943939	,14.7337036	,12.6031637	,14.6865311	,12.0876770	,11.1550140	,11.0318451	,9.8849411	,9.4506073	,9.1875286	,9.0279999	,8.9588013	,8.8228912	,8.7968597	,8.8812408	,8.7661438	,
149.2412262	,6.8391113	,6.9965210	,7.2915039	,7.4599166	,7.4627113	,7.5209808	,7.5387459	,7.4683990	,7.5550690	,7.6240997	,7.6847916	,7.7590065	,7.8224831	,7.8185654	,8.0663567	,8.0726929	,8.0895691	,8.1285496	,8.5752907	,9.3195496	,9.5158730	,9.4557190	,10.4658680	,11.3679047	,12.4718924	,13.4229279	,14.3716888	,15.7488098	,26.0382080	,106.1462021	,-288.0197144	,109.4226837	,22.7872162	,15.2945709	,12.1165218	,13.7643356	,11.3453522	,10.4569550	,10.3005066	,9.3220139	,8.9319572	,8.7018471	,8.5716095	,8.5035553	,8.3916931	,8.3589325	,8.4113617	,8.3131561	,
129.2039185	,6.2189636	,6.3362885	,6.3939972	,6.4368091	,6.4848652	,6.4975662	,6.5626450	,6.6145325	,6.5200157	,6.7615318	,6.7608757	,6.7335701	,6.8657589	,6.7279930	,7.3419228	,7.2231865	,7.2253113	,7.2274361	,7.9655132	,9.2105408	,9.4551449	,9.2075119	,10.6665859	,11.8586426	,13.2095432	,14.3647461	,15.3516083	,15.9378510	,17.3035316	,32.3085480	,91.5727692	,-306.3190918	,120.0283051	,37.1067200	,18.3561001	,21.1495972	,14.9244690	,12.6849365	,12.2963409	,9.9662628	,9.0832567	,8.5389481	,8.2331085	,8.1112213	,7.8469849	,7.8080292	,7.9795837	,7.7904205	,
124.2528458	,5.9066238	,6.0296326	,6.1566925	,6.2290497	,6.2629814	,6.2888451	,6.3310852	,6.3341217	,6.3331184	,6.4671211	,6.4835014	,6.4957867	,6.5848579	,6.5135765	,6.9082909	,6.8460388	,6.8556213	,6.8652039	,7.3709340	,8.2000885	,8.3788357	,8.2135849	,9.1928701	,9.9809494	,10.8243675	,11.5142365	,12.0608215	,12.2049103	,11.5613060	,13.6006470	,18.3442688	,112.4521484	,-46.1937180	,144.1399841	,28.7280445	,24.7462006	,16.1572418	,13.1806717	,12.5377350	,10.0523682	,9.0112848	,8.4309902	,8.0995331	,7.9631805	,7.6914978	,7.6417389	,7.7890625	,7.5997925	,
119.0350571	,5.7307739	,5.8324432	,5.9015350	,5.9400649	,5.9758053	,5.9917412	,6.0441589	,6.0751801	,6.0204163	,6.2019653	,6.2003403	,6.1871834	,6.2849922	,6.1860809	,6.6393776	,6.5512199	,6.5477600	,6.5443001	,7.0654974	,7.9275360	,8.0831947	,7.8824081	,8.8320675	,9.5628433	,10.3017387	,10.9039307	,11.3495789	,11.3282318	,10.3794785	,10.9796448	,11.8161316	,33.4104462	,136.5059204	,-42.2468529	,133.4252777	,46.5416336	,23.9899445	,17.3012695	,15.7083435	,11.5189514	,9.9379187	,9.0188618	,8.4965973	,8.2853088	,7.8717957	,7.7987518	,8.0201263	,7.7402802	,
107.1832199	,5.1997681	,5.2940369	,5.3428802	,5.3707213	,5.4005604	,5.4164276	,5.4609528	,5.4870911	,5.4227600	,5.6056824	,5.5967712	,5.5869179	,5.6686993	,5.5828705	,5.9563675	,5.8797455	,5.8722534	,5.8647614	,6.2874556	,6.9421844	,7.0652981	,6.8923187	,7.6077728	,8.1650543	,8.6570759	,9.0639801	,9.3425140	,9.2479706	,8.4235001	,8.5340691	,8.5188599	,14.9572906	,24.4665070	,117.6578522	,0.9953680	,126.1193848	,36.3515472	,21.0167618	,17.0637360	,11.8189545	,9.8395948	,8.7593117	,8.1554718	,7.8936157	,7.4300842	,7.3411255	,7.5653687	,7.2651825	,
99.5896072	,4.5539036	,4.6109409	,4.4246464	,4.3114743	,4.4114981	,4.3707943	,4.4677830	,4.6279469	,5.0086384	,5.3893299	,5.3178349	,5.1965313	,5.3527031	,5.1212788	,5.8970165	,5.6863232	,5.6376648	,5.5890064	,6.3288960	,7.5040588	,7.6432419	,7.2609406	,8.4039421	,9.2309952	,9.9529400	,10.5353241	,10.9168091	,10.6188507	,9.2335663	,9.2176094	,9.0150528	,16.1542969	,19.6168976	,38.3741150	,114.8513260	,-23.7594528	,220.7480164	,62.1592407	,35.4149475	,19.2262573	,14.5533772	,11.9849834	,10.5786285	,9.9771881	,8.9475861	,8.7492218	,9.2247467	,8.5903625	,
93.4722061	,4.6565475	,4.7276154	,4.7036591	,4.6889491	,4.7351713	,4.7334061	,4.7867622	,4.8475800	,4.7543564	,4.9604263	,4.9331284	,4.8942757	,4.9829483	,4.8686142	,5.2963829	,5.1926003	,5.1721039	,5.1516075	,5.5854769	,6.2526550	,6.3503056	,6.1430435	,6.8117604	,7.3249207	,7.7114177	,8.0402374	,8.2461548	,8.0711365	,7.2554855	,7.2085953	,7.0622864	,10.7819061	,11.9964905	,18.6201172	,30.9138374	,203.8914490	,-26.3193531	,150.8537750	,42.3399658	,17.8575439	,12.8946981	,10.5595665	,9.3265991	,8.7806549	,7.9447327	,7.7567902	,8.0898895	,7.5723572	,
79.3232269	,3.9461823	,3.9970551	,4.0015717	,4.0025930	,4.0369039	,4.0353317	,4.0745239	,4.1118088	,4.0408783	,4.2020416	,4.1817322	,4.1602993	,4.2255402	,4.1447601	,4.4545631	,4.3811340	,4.3674469	,4.3537598	,4.6747103	,5.1423492	,5.2133656	,5.0533257	,5.5325918	,5.9120941	,6.1410742	,6.3470001	,6.4688110	,6.3269043	,5.7461624	,5.6780396	,5.5577393	,7.8179169	,8.3163300	,11.4459991	,15.1276169	,48.7207336	,125.8585205	,-23.4168453	,226.6430664	,27.9539795	,14.6189775	,10.8382912	,9.1544342	,8.4036407	,7.4439240	,7.1944275	,7.4990845	,6.9306488	,
112.1963425	,5.2215462	,5.2908897	,5.2395134	,5.2064514	,5.2717857	,5.2564087	,5.3248711	,5.4065208	,5.6612206	,5.9159203	,5.8834724	,5.8220940	,5.9274139	,5.7830162	,6.2930679	,6.1639366	,6.1344910	,6.1050453	,6.5737820	,7.3285828	,7.4157925	,7.1563377	,7.8492165	,8.3420792	,8.6965485	,8.9910278	,9.1554413	,8.9024506	,8.0277367	,7.9058304	,7.7177658	,10.7122955	,11.1494293	,14.7605743	,17.6065578	,39.5177460	,50.2221680	,317.6643372	,-38.3199158	,113.5464478	,34.7075615	,21.5528259	,16.8479309	,14.8198395	,12.6472321	,12.0362854	,12.5804138	,11.3663788	,
107.1157532	,5.1780090	,5.2669678	,5.3394470	,5.3820534	,5.4030867	,5.4229507	,5.4579773	,5.4633713	,5.4302635	,5.5646172	,5.5715218	,5.5720596	,5.6303310	,5.5734215	,5.8315392	,5.7847862	,5.7778473	,5.7709084	,6.0459003	,6.4600220	,6.5225525	,6.3936462	,6.7927384	,7.1109161	,7.2907362	,7.4648438	,7.5561523	,7.4187622	,6.9234085	,6.8445091	,6.7354736	,8.3685455	,8.5478363	,10.3779907	,11.6255207	,20.5341949	,20.0817108	,36.7192841	,105.6416016	,-19.9433861	,64.5897598	,24.5052452	,16.7173615	,13.8904572	,11.7278595	,11.0499725	,11.4111633	,10.3055725	,
112.5449219	,5.3907852	,5.4878693	,5.6188812	,5.6954474	,5.6970568	,5.7339401	,5.7585220	,5.7345734	,5.7502518	,5.8406143	,5.8634567	,5.8875732	,5.9312077	,5.9033432	,6.0875587	,6.0700836	,6.0695496	,6.0690155	,6.2801466	,6.6059265	,6.6635685	,6.5743217	,6.9000940	,7.1662140	,7.3056221	,7.4401093	,7.5136414	,7.4058990	,7.0191803	,6.9515877	,6.8680267	,8.1146545	,8.0929718	,9.5594635	,10.4123783	,16.5640411	,15.5573730	,20.5375824	,34.4454346	,66.0980377	,-0.3822148	,76.2117767	,27.9319305	,17.4791412	,13.7735748	,12.5731201	,12.8118744	,11.4032440	,
109.1927567	,5.1938019	,5.2981415	,5.4386292	,5.5220876	,5.5183091	,5.5581856	,5.5751877	,5.5373611	,5.5760040	,5.6376495	,5.6682129	,5.7015953	,5.7343845	,5.7224045	,5.8508377	,5.8468361	,5.8480377	,5.8533173	,6.0226765	,6.2492523	,6.3052902	,6.2373199	,6.4936504	,6.7131882	,6.7953320	,6.9035645	,6.9563293	,6.8789978	,6.5883980	,6.5363388	,6.4720230	,7.3737183	,7.4003448	,8.3696136	,8.9375439	,13.1199799	,12.2492218	,14.6497955	,20.5950470	,24.3455963	,70.0510406	,-5.6631269	,98.6907806	,25.1154327	,16.1534271	,13.5793610	,13.4723358	,11.7198334	,
102.3153839	,4.8478775	,4.9389496	,5.0853271	,5.1675215	,5.1641917	,5.2008667	,5.2151108	,5.1771698	,5.2177124	,5.2684479	,5.2960205	,5.3337517	,5.3597679	,5.3545074	,5.4549713	,5.4583893	,5.4626617	,5.4697151	,5.6067333	,5.7972870	,5.8435020	,5.7967415	,6.0003257	,6.1930695	,6.2509098	,6.3328400	,6.3735657	,6.3079681	,6.0759182	,6.0311050	,5.9813309	,6.6812897	,6.6615601	,7.4287567	,7.8388672	,10.9561920	,10.2269592	,11.7146759	,15.2882080	,15.8115540	,24.4687881	,90.3850861	,-37.7027397	,74.3448029	,25.4266357	,16.1930695	,14.8251801	,12.3391266	,
90.5629730	,4.3433151	,4.4280548	,4.5365906	,4.6066718	,4.6075649	,4.6353073	,4.6498566	,4.6158600	,4.6507568	,4.6982269	,4.7226257	,4.7517338	,4.7762775	,4.7659683	,4.8650322	,4.8639374	,4.8630829	,4.8679409	,4.9999056	,5.1656494	,5.2021904	,5.1557198	,5.3369484	,5.5185623	,5.5441937	,5.6097412	,5.6418304	,5.5785217	,5.3773384	,5.3290558	,5.2843552	,5.8570557	,5.8396606	,6.4347687	,6.7423801	,9.1724014	,8.5456543	,9.5446243	,11.9444122	,11.6754074	,13.6089516	,19.8559570	,63.2082214	,-44.5870743	,96.9853821	,28.8318939	,19.1713867	,14.0255585	,
109.6922836	,5.1841660	,5.2708130	,5.4544678	,5.5536699	,5.5519943	,5.5868607	,5.5991592	,5.5435944	,5.5988312	,5.6367798	,5.6773834	,5.7218227	,5.7442188	,5.7494736	,5.8236618	,5.8384323	,5.8459320	,5.8579235	,5.9688540	,6.1289368	,6.1754513	,6.1459465	,6.3179436	,6.4890900	,6.5249872	,6.5963135	,6.6330872	,6.5810623	,6.3878593	,6.3463516	,6.3042374	,6.8578644	,6.7972412	,7.4026031	,7.6944323	,9.9962387	,9.3779449	,10.2701111	,12.4054260	,11.9910965	,13.0594749	,15.6729965	,26.6185455	,114.8303528	,-45.6647034	,106.0607605	,36.5004272	,20.5931396	,
87.5995712	,4.2304153	,4.3027496	,4.4183960	,4.4880314	,4.4821301	,4.5144730	,4.5265617	,4.4956512	,4.5233917	,4.5511322	,4.5740738	,4.6044350	,4.6253815	,4.6193314	,4.7010612	,4.7025642	,4.7046814	,4.7115211	,4.8248024	,4.9578857	,4.9958382	,4.9580002	,5.1052947	,5.2663116	,5.2653999	,5.3218384	,5.3454742	,5.2910004	,5.1333218	,5.0877953	,5.0532608	,5.4862061	,5.4493866	,5.8950806	,6.1070318	,7.8422928	,7.3514175	,7.9663620	,9.4658813	,9.0626450	,9.5512142	,10.5890579	,13.6212616	,27.0304260	,81.7341003	,-40.1735878	,114.5012817	,32.4755859	,
81.0035782	,3.9271851	,3.9938812	,4.0447845	,4.0771813	,4.0885363	,4.1031570	,4.1245842	,4.1179962	,4.1300049	,4.1932526	,4.1951141	,4.2033958	,4.2348461	,4.2021942	,4.3440552	,4.3213387	,4.3174896	,4.3136406	,4.4653416	,4.6520233	,4.6813717	,4.6125488	,4.7913861	,4.9574280	,4.9774208	,5.0212555	,5.0402679	,4.9572754	,4.7563858	,4.6892014	,4.6421204	,5.1207733	,5.0803375	,5.5442963	,5.7624798	,7.5946274	,7.0338364	,7.6324158	,9.1105042	,8.6103363	,9.0471363	,9.7592316	,11.5817108	,16.6956177	,26.0638580	,103.3355103	,-49.4737930	,157.2825317	,
94.4913559	,4.6008072	,4.6722107	,4.7465668	,4.7895985	,4.7999473	,4.8188400	,4.8413200	,4.8299103	,4.8242989	,4.9121895	,4.9212151	,4.9313545	,4.9648170	,4.9325600	,5.0821571	,5.0590935	,5.0560760	,5.0530586	,5.2101464	,5.4156799	,5.4415989	,5.3661385	,5.5572915	,5.7179565	,5.7404861	,5.7964859	,5.8144073	,5.7257996	,5.5063763	,5.4451981	,5.3959274	,5.8799438	,5.8122406	,6.2864227	,6.4998417	,8.2989044	,7.7275620	,8.2767105	,9.6557770	,9.1178818	,9.3871689	,10.0199509	,11.3033752	,14.3792725	,17.1154175	,34.0660858	,179.8287048	,-38.0871010	,
