电流	  ,电压1	  ,电压2	  ,电压3	  ,电压4	  ,电压5	  ,电压6	  ,电压7	  ,电压8	  ,电压9	  ,电压10	  ,电压11	  ,电压12	  ,电压13	  ,电压14	  ,电压15	  ,电压16	  ,电压17	  ,电压18	  ,电压19	  ,电压20	  ,电压21	  ,电压22	  ,电压23	  ,电压24	  ,电压25	  ,电压26	  ,电压27	  ,电压28	  ,电压29	  ,电压30	  ,电压31	  ,电压32	  ,电压33	  ,电压34	  ,电压35	  ,电压36	  ,电压37	  ,电压38	  ,电压39	  ,电压40	  ,电压41	  ,电压42	  ,电压43	  ,电压44	  ,电压45	  ,电压46	  ,电压47	  ,电压48	  ,
98.6333084	,-614.8166504	,93.0251999	,72.4562149	,64.5911942	,61.2433472	,58.2802658	,56.1336212	,52.1231842	,47.6077576	,49.2106323	,50.1025238	,49.8232384	,49.5965881	,49.3505096	,48.9099960	,47.6356277	,46.8637695	,47.3097382	,47.0422363	,46.8203430	,47.0387688	,47.1030273	,47.1006546	,46.1823425	,45.2640305	,45.3783875	,45.4084396	,45.2745285	,45.4293900	,45.3700714	,45.2834244	,45.0767441	,44.8700638	,44.8107033	,44.8680000	,44.8459663	,44.8621063	,44.8327599	,44.7169456	,44.6092415	,44.5015373	,44.3687859	,44.5132408	,44.5094872	,44.2965050	,44.0797234	,43.9985161	,44.0445976	,
98.2348709	,91.7059021	,-606.8238525	,195.9230804	,98.6093750	,69.7921906	,63.4772873	,59.6299591	,54.7007751	,49.6218567	,50.5480804	,51.4522247	,51.0679436	,50.7680359	,50.4639435	,49.9480515	,48.5756378	,47.7451630	,48.2338867	,47.9427795	,47.7436523	,47.9058685	,47.9715729	,47.9484024	,47.0438843	,46.1393661	,46.2400665	,46.2660446	,46.1423111	,46.2748947	,46.2171860	,46.1391907	,45.9403152	,45.7414398	,45.6903076	,45.7317200	,45.7104034	,45.7097168	,45.6917877	,45.5956573	,45.5072174	,45.4187775	,45.3139038	,45.4312744	,45.4277267	,45.2685699	,45.0803986	,45.0135193	,45.1188965	,
101.3538284	,74.9456482	,197.3802643	,-586.0559082	,251.2864990	,92.2949982	,75.6690369	,67.4540939	,59.9093323	,52.9811401	,53.0884094	,54.2877045	,53.6903572	,53.2381439	,52.7956696	,52.0493546	,50.1401215	,49.1127014	,49.8169556	,49.3926392	,49.1248779	,49.3312302	,49.4382172	,49.3873978	,48.2668457	,47.1462936	,47.2684097	,47.3262253	,47.1718369	,47.3458176	,47.2720871	,47.1581879	,46.9077225	,46.6572571	,46.6005707	,46.6695099	,46.6447144	,46.6417389	,46.6331711	,46.5376740	,46.4378815	,46.3380890	,46.2339325	,46.3346863	,46.2935104	,46.0533447	,45.8558655	,45.7491760	,45.7437134	,
72.3209839	,47.5299683	,71.0512848	,176.9250488	,-604.8608398	,181.8316040	,86.0667801	,59.9956436	,48.5147552	,41.0409546	,39.5793915	,40.7037811	,40.0063286	,39.5013428	,39.0129623	,38.2254333	,36.2850113	,35.3472748	,36.0677338	,35.6273804	,35.3572617	,35.5580826	,35.6610565	,35.6058655	,34.6685791	,35.0834045	,35.1968842	,35.2639771	,35.1127930	,35.2917328	,35.2173309	,35.1043015	,34.8612976	,34.6182938	,34.5670013	,34.6396942	,34.6124725	,34.6080971	,34.6067505	,34.5172348	,34.4290771	,34.3409195	,34.2593155	,34.3601761	,34.3383560	,34.1517258	,33.9091873	,33.7886429	,33.8589554	,
76.2295609	,47.3979797	,52.9378510	,68.2722092	,188.1419373	,-613.2005615	,513.3302002	,128.6342773	,68.1878662	,50.4858551	,45.1553802	,46.7541809	,45.3870010	,44.4165497	,43.5364609	,42.1717911	,38.9823990	,37.6392670	,38.7168274	,38.0254669	,37.5450211	,37.9040604	,38.0517426	,37.9713135	,36.5833435	,37.1578674	,37.3168335	,37.4416962	,37.2133484	,37.4811859	,37.3743820	,37.1901245	,36.8354645	,36.4808044	,36.4109039	,36.5294800	,36.4990692	,36.4978561	,36.4996758	,36.3924332	,36.2779083	,36.1633835	,36.0875626	,36.2106094	,36.1806412	,35.9698410	,35.5362167	,35.3127518	,35.6157608	,
71.3748398	,42.6776276	,45.5399628	,52.8648643	,83.9920959	,478.0768738	,-593.9008789	,310.9164734	,84.9941559	,52.1222382	,44.1921692	,45.5501099	,43.9285469	,42.8022461	,41.8216248	,40.3488083	,37.0832520	,35.7380829	,36.7651367	,36.0915375	,35.6067467	,35.9457092	,36.0792694	,35.9912567	,34.6613770	,35.1957245	,35.3403320	,35.4525146	,35.2308350	,35.4725647	,35.3665009	,35.1883469	,34.8501587	,34.5119705	,34.4419708	,34.5392761	,34.4976196	,34.4836082	,34.4797440	,34.3728790	,34.2657013	,34.1585236	,34.0954742	,34.2083282	,34.1908722	,34.0147858	,33.6345978	,33.4393311	,33.7190552	,
78.7872238	,45.6591644	,47.5154266	,52.3431053	,65.2109985	,132.8782196	,339.9395752	,-606.1823730	,197.1543579	,72.4335632	,53.1224518	,54.0727234	,51.4220428	,49.6319580	,48.1657486	,46.0636368	,41.6734314	,39.9342194	,41.3131409	,40.3653717	,39.7395020	,40.1436615	,40.2968292	,40.1713867	,38.5150452	,39.1701202	,39.3329315	,39.4777985	,39.1983643	,39.4925537	,39.3619843	,39.1408005	,38.7269440	,38.3130875	,38.2376633	,38.3598099	,38.3122025	,38.3000107	,38.2969284	,38.1779251	,38.0500259	,37.9221268	,37.8533096	,37.9554520	,37.9033165	,37.6498642	,37.2311478	,36.9853592	,37.2186661	,
73.0228729	,40.0776215	,41.0842438	,43.8747940	,49.7013855	,66.3125458	,86.6240082	,180.9227295	,-624.1757813	,156.8626251	,59.1568298	,55.4159470	,51.0456085	,48.3616333	,46.3773651	,43.7574463	,38.7249527	,36.7900085	,38.3117523	,37.2382813	,36.5931320	,36.9384232	,37.0926819	,36.9127884	,35.2619324	,35.8816681	,36.0330734	,36.1761475	,35.8853912	,36.1746979	,36.0389099	,35.8133698	,35.4030151	,34.9926605	,34.9137611	,35.0391884	,34.9967232	,34.9888687	,34.9870567	,34.8749657	,34.7527199	,34.6304741	,34.5686150	,34.6705132	,34.6230621	,34.3993034	,33.9527550	,33.7029076	,34.0091820	,
89.0345612	,45.8322906	,46.5178223	,48.5357361	,52.6113586	,61.3631287	,66.4109650	,82.9823761	,190.3582916	,-614.9699707	,119.7800903	,72.2554932	,63.1611938	,58.6228333	,55.6611557	,52.2363777	,46.2078094	,43.9662933	,45.5292664	,44.3486023	,43.5540733	,43.9544563	,44.0727997	,43.8834000	,42.0304871	,42.7410278	,42.8776855	,43.0076752	,42.6949768	,42.9617004	,42.8174744	,42.5813293	,42.1539307	,41.7265320	,41.6386223	,41.7427635	,41.6850243	,41.6635551	,41.6504288	,41.5275764	,41.3982811	,41.2689857	,41.1989479	,41.2454262	,41.1515656	,40.8020210	,40.5614815	,40.3592720	,40.2708321	,
97.7537079	,52.0040283	,52.1726074	,53.3380928	,55.9961853	,60.7301331	,62.5024261	,67.6768646	,79.7553101	,127.9414063	,-620.1715088	,101.5990219	,75.8904495	,67.5243835	,63.4059830	,59.5028038	,53.6925812	,51.4524078	,52.9293213	,51.7798615	,51.1357346	,51.3501968	,51.4377441	,51.2177429	,49.5570068	,50.2630615	,50.3586121	,50.4404602	,50.1788788	,50.3742218	,50.2488174	,50.0621643	,49.7145538	,49.3669434	,49.2916718	,49.3637848	,49.3133240	,49.2946968	,49.2841492	,49.1867676	,49.0920563	,48.9973450	,48.9443207	,49.0050201	,48.9693375	,48.8154449	,48.5257568	,48.3726654	,48.5326538	,
97.8877029	,52.5953064	,52.7907715	,54.2171249	,57.2792969	,62.5430450	,64.2388000	,68.7389679	,74.7915344	,77.9708252	,98.8296814	,-602.3530273	,139.9676971	,93.1858215	,78.5649872	,68.7640076	,57.2860413	,53.5065918	,55.9000244	,53.8795929	,52.5809250	,53.0741196	,53.1753082	,52.8240662	,50.1582642	,51.1277618	,51.2702332	,51.4338379	,50.9779663	,51.3145752	,51.1013336	,50.7673721	,50.1982574	,49.6291428	,49.5095749	,49.6361465	,49.5530472	,49.5250969	,49.5060806	,49.3503342	,49.1924820	,49.0346298	,48.9734879	,49.0651779	,49.0006409	,48.7203293	,48.2430649	,47.9533615	,48.2099838	,
94.6632309	,50.7319946	,50.8224411	,52.0088654	,54.6334839	,58.9325256	,60.1712799	,63.4712524	,66.8478699	,66.3790894	,72.5513611	,132.4413757	,-550.5490723	,166.0297546	,96.5426865	,74.1463470	,57.8948364	,53.1753540	,55.9723663	,53.4506683	,51.8718643	,52.3871384	,52.4542999	,52.0132751	,49.0356750	,50.0509796	,50.1852570	,50.3578186	,49.8375092	,50.1948547	,49.9506760	,49.5791550	,48.9544373	,48.3297195	,48.1969299	,48.3355103	,48.2425232	,48.2094231	,48.1863022	,48.0220413	,47.8557739	,47.6895065	,47.6278763	,47.7239609	,47.6518478	,47.3602600	,46.8433609	,46.5303421	,46.8383865	,
80.7963943	,39.1650848	,39.1856079	,40.0702515	,42.1199188	,45.3361053	,46.1606903	,48.4243011	,50.2659760	,52.8404846	,55.4149933	,76.1580353	,138.8431702	,-628.5732422	,188.9122009	,80.6025925	,53.2139511	,47.3248291	,50.5137939	,47.4095306	,45.6122818	,46.0420647	,46.0570374	,45.5056076	,42.4730835	,43.4033356	,43.5049286	,43.6674042	,43.1115875	,43.4563446	,43.1999359	,42.8117599	,42.1899261	,42.4812164	,42.3552856	,42.4777527	,42.3834076	,42.3466034	,42.3200073	,42.1579895	,41.9937439	,41.8916168	,41.8345490	,41.9241333	,41.8563194	,41.5719147	,41.0688171	,40.7583160	,41.0648041	,
82.1634598	,40.0195007	,39.9864807	,40.7754669	,42.6817322	,45.5431366	,46.2266922	,48.1083603	,49.2675781	,51.1955872	,53.1235962	,65.7619171	,83.1236877	,190.1571960	,-598.8298340	,126.2494888	,58.7280807	,50.1960144	,53.9576416	,49.9194794	,47.5720596	,48.0058632	,47.9482574	,47.2260284	,43.6557617	,44.6903534	,44.7664719	,44.9403992	,44.2780304	,44.6524353	,44.3516388	,43.9057465	,43.2043152	,43.5001144	,43.3585358	,43.4995575	,43.3930664	,43.3573723	,43.3295441	,43.1505585	,42.9662170	,42.8396606	,42.7722778	,42.8405304	,42.7226944	,42.3360367	,41.8599701	,41.5280457	,41.6836853	,
72.1142654	,34.9118652	,34.8226318	,35.3587837	,36.7888184	,38.7971954	,39.2100067	,40.4323730	,40.7985840	,42.3574982	,43.9164124	,50.7861328	,56.4142303	,71.6750488	,107.7320557	,-580.9853516	,66.9578400	,48.1046906	,51.6746216	,46.3319702	,43.3385086	,43.7049904	,43.4687042	,42.6350403	,38.9251404	,39.8611450	,39.8732758	,40.0179291	,39.3175507	,39.6553040	,39.3441162	,38.8991165	,38.2166901	,38.4698715	,38.3302917	,38.4582672	,38.3559723	,38.3205795	,38.2988586	,38.1291046	,37.9572144	,37.8395081	,37.7753601	,37.8475494	,37.7528687	,37.4314117	,36.9380341	,36.6230469	,36.8796387	,
89.2276688	,41.9247742	,41.7166367	,41.9460144	,43.0066223	,44.1499939	,44.3273010	,44.9282227	,44.1688995	,46.9254913	,49.6820831	,53.1172180	,55.3198013	,59.3949280	,63.5626068	,81.8543854	,-589.5134277	,84.9561310	,69.9883423	,58.0712891	,53.4886780	,53.4681969	,52.9048767	,51.8735580	,47.9813538	,48.9663544	,48.8417282	,48.9126282	,48.2235870	,48.4525909	,48.1084061	,47.7249603	,47.1237488	,46.5225372	,46.3909531	,46.4602432	,46.3515244	,46.3022156	,46.2711487	,46.1272659	,45.9925156	,45.8577652	,45.8131180	,45.8974686	,45.8802109	,45.7672806	,45.2886581	,45.0567398	,45.4740677	,
86.7360840	,40.5422516	,40.2975693	,40.3754425	,41.1726685	,41.8453064	,41.9194336	,42.2231445	,41.1245575	,44.0740356	,47.0235138	,48.9933472	,50.1851196	,52.2132263	,53.9911194	,58.8013039	,82.2898788	,-50.4495850	,113.0262604	,60.9133606	,52.9804916	,52.2473755	,51.4332123	,50.2956161	,46.7471008	,47.5363007	,47.4292068	,47.4496155	,46.8212280	,46.9779053	,46.7647400	,46.4091492	,45.9376068	,45.4660645	,45.3640137	,45.4468384	,45.3787384	,45.3715286	,45.3650932	,45.2673569	,45.1564026	,45.0454483	,44.9895248	,45.0215530	,44.9500618	,44.7563400	,44.4214096	,44.2313614	,44.4117508	,
61.9570313	,29.3972321	,29.2391663	,29.3964539	,30.1444855	,30.9413910	,31.0361633	,31.4158020	,30.8365784	,32.6092987	,34.3820190	,36.4683533	,37.6480904	,39.6179504	,41.3661041	,45.1574974	,48.7733154	,77.7599487	,-53.3502121	,105.7426453	,49.6763382	,45.0665703	,42.7712250	,40.7136536	,35.3764038	,36.2481537	,35.9091873	,35.9420166	,34.9851837	,35.2091675	,34.7535553	,34.2681732	,33.5605774	,33.7609634	,33.6111603	,33.6940155	,33.5716400	,33.5247498	,33.4882050	,33.3317413	,33.1757050	,33.0663757	,33.0056915	,33.0480347	,32.9490395	,32.6425858	,32.2816467	,32.0338745	,32.1606750	,
79.5150375	,37.3322906	,37.1056976	,37.2217598	,38.0531235	,38.8003235	,38.8743210	,39.1837463	,38.1929321	,40.7228546	,43.2527771	,45.1841736	,46.2142410	,47.8775635	,49.3315277	,52.0918350	,52.1601563	,54.9257507	,134.0911255	,-48.2628632	,124.6995773	,68.7032013	,58.6047974	,54.2147064	,45.9746704	,47.0677338	,46.4395752	,46.4067078	,45.0430603	,45.2644806	,44.6555481	,44.0052795	,43.0935211	,43.3398895	,43.1488495	,43.2422943	,43.0873871	,43.0287590	,42.9837875	,42.7965012	,42.6085358	,42.4755402	,42.4097290	,42.4740143	,42.3754311	,42.0870209	,41.5564728	,41.2431946	,41.5795135	,
76.6466751	,35.8220367	,35.5931702	,35.6593933	,36.3747864	,36.9454193	,36.9839325	,37.1884842	,36.1539917	,38.6928406	,41.2316895	,42.6629791	,43.3925781	,44.5332031	,45.4804688	,47.1723709	,46.4982224	,46.3835754	,60.9714966	,118.3678894	,-11.2552633	,181.0299530	,70.9794617	,57.3475571	,45.7062988	,46.5687256	,45.6135864	,45.4869690	,43.9075165	,44.0829468	,43.4172897	,42.7252121	,41.7741547	,42.0064316	,41.8137360	,41.9166260	,41.7746735	,41.7297668	,41.6989632	,41.5208664	,41.3330994	,41.1932373	,41.1154327	,41.1636505	,41.0397415	,40.7165527	,40.1782990	,39.8513641	,40.1338806	,
82.1252289	,38.4268646	,38.1897278	,38.2910194	,39.1147766	,39.8208618	,39.8698654	,40.1164246	,38.9859924	,41.6360931	,44.2861938	,45.9689941	,46.7785721	,48.0357361	,49.0749969	,50.7867584	,49.6572113	,49.1057739	,59.3781433	,70.3097992	,192.4325867	,-8.1462269	,175.9112854	,83.5071564	,53.6658325	,53.9857635	,51.9506607	,51.6108856	,48.9787292	,49.1497803	,48.1009064	,46.9833374	,45.5446472	,45.7258987	,45.4241638	,45.5127258	,45.2549896	,45.1434135	,45.0579147	,44.7803574	,44.5072632	,44.3139648	,44.2283325	,44.3067780	,44.1608276	,43.7515106	,43.0489044	,42.6165009	,43.0834198	,
77.4024582	,36.2788086	,36.0356216	,36.1560631	,36.9768066	,37.6957855	,37.7402802	,37.9813080	,36.9159241	,39.3379364	,41.7599487	,43.3794250	,44.1231232	,45.2607574	,46.1733398	,47.5951309	,46.2880707	,45.5575256	,53.1618347	,56.6783142	,71.1744690	,164.3162537	,-45.9364967	,272.7749023	,65.1841125	,58.3915100	,53.4447784	,52.6363983	,48.7557220	,48.8411865	,47.4104156	,45.9063721	,44.0383453	,44.1598282	,43.7770538	,43.9022217	,43.5839386	,43.4590912	,43.2181168	,43.0264130	,42.6876068	,42.4410095	,42.3338318	,42.4372253	,42.2484131	,41.7493134	,40.7875366	,40.2160034	,40.8639832	,
55.7756920	,25.7912140	,25.6232605	,25.6892853	,26.2603607	,26.7472992	,26.7673798	,26.9246521	,26.1833344	,27.8853760	,29.5874176	,30.6457520	,31.1192131	,31.8356934	,32.3801422	,33.2266693	,32.2962112	,31.5937805	,36.0866241	,37.3356934	,41.0552292	,55.9640732	,193.2393188	,-22.2868328	,112.5779114	,53.4577484	,41.4700012	,40.0957947	,36.1273956	,36.0013885	,34.7671356	,33.3792648	,31.7794037	,31.7917099	,31.4554138	,31.5132751	,31.2215424	,31.0964317	,30.9848862	,30.7066879	,30.4337921	,30.2375031	,30.1544189	,30.2316589	,30.0860519	,29.6820374	,28.9785004	,28.5397949	,29.0038147	,
53.5473137	,25.1824951	,25.0135498	,24.9743423	,25.3738785	,25.5784454	,25.5665131	,25.6022339	,24.7403259	,26.5918121	,28.4432983	,28.9357300	,29.1677933	,29.4955750	,29.7141113	,30.0933304	,29.6698761	,29.2645416	,31.0285645	,31.4299774	,32.3778839	,35.5624695	,45.0397034	,108.3124084	,-89.4721375	,124.4484558	,39.0149384	,36.2889252	,33.0006256	,32.7057648	,31.7822723	,30.9379654	,29.9428864	,30.0274658	,29.8134308	,29.8154755	,29.6282654	,29.5416069	,29.4666824	,29.3052979	,29.1488190	,29.0448303	,28.9967041	,29.0402985	,28.9742661	,28.7915649	,28.4005890	,28.1861572	,28.4725037	,
75.4116440	,31.7754669	,31.5273895	,31.5358810	,32.1676788	,32.5673523	,32.5659180	,32.6434326	,31.4229889	,34.0128784	,36.6027679	,37.4972458	,37.8746719	,38.4167175	,38.8128967	,39.3869171	,38.5552826	,37.4380646	,40.3149414	,40.7776031	,41.8825836	,45.7819328	,52.7877808	,68.8555679	,152.7896118	,-42.8630409	,96.7777405	,63.1330872	,48.6047363	,46.9235077	,44.5276337	,42.3605347	,39.9700623	,39.9260941	,39.4378204	,39.4621582	,39.0399780	,38.8590393	,38.7173462	,38.3508720	,37.9951630	,37.7373810	,37.6283112	,37.7116394	,37.5131607	,37.0368347	,36.1213989	,35.5901031	,36.2278900	,
82.7039490	,38.3432159	,38.0551910	,38.0995026	,38.8155899	,39.2986145	,39.2947235	,39.3859482	,38.0464630	,40.8704529	,43.6944427	,44.7236328	,45.1357155	,45.7153625	,46.1327515	,46.6815071	,45.6710129	,44.8970947	,47.7951965	,48.1028137	,48.9221497	,52.1924286	,56.8419952	,61.8434906	,58.0672913	,107.2313538	,-22.6048546	,217.9512329	,75.8138885	,63.8229218	,58.4078522	,54.3168716	,50.2077332	,49.9715691	,49.1613312	,49.1222229	,48.4184113	,48.1125031	,47.8885384	,47.3186188	,46.7738342	,46.3689880	,46.2040405	,46.3031616	,45.9805069	,45.2246017	,43.9192810	,43.1332092	,43.9581604	,
77.6232758	,36.1446228	,35.8781357	,35.9327965	,36.6431885	,37.1511688	,37.1483307	,37.2494049	,36.0137634	,38.5934906	,41.1732178	,42.2099762	,42.6111832	,43.1758728	,43.5763245	,44.0888100	,43.0242462	,42.2649536	,45.0214539	,45.2295532	,45.8950577	,48.7876968	,52.7406311	,56.4467621	,51.2435303	,67.9996033	,203.3900452	,-37.8587570	,157.9976501	,72.1690674	,61.5574646	,55.0961533	,49.5894928	,49.0421066	,48.0012054	,47.8780212	,46.9794159	,46.5848083	,46.2846375	,45.6120300	,44.9637756	,44.4759369	,44.2813568	,44.3898163	,44.0115356	,43.1388855	,41.6012421	,40.6723938	,41.6463470	,
51.4415703	,24.1708679	,23.9958954	,24.0049591	,24.4434357	,24.7274170	,24.7173615	,24.7675095	,23.9720917	,25.6396179	,27.3071442	,27.8770828	,28.1012077	,28.4010162	,28.5940933	,28.8537064	,28.2552185	,27.7933197	,29.1626129	,29.2199402	,29.4826126	,30.7992020	,32.4698486	,33.8725815	,31.1292114	,35.3868561	,46.8738327	,102.4425049	,-42.2013435	,151.6183167	,70.1169891	,43.5167770	,34.8183594	,33.8382187	,32.8409119	,32.5031281	,31.6612091	,31.2641411	,30.9765701	,30.4262352	,29.9381256	,29.5772552	,29.4364166	,29.4886017	,29.2375031	,28.6552658	,27.7041473	,27.1234131	,27.6929932	,
73.4604950	,34.2920227	,34.0317535	,34.0784531	,34.7633743	,35.2472687	,35.2359543	,35.3187790	,34.1477509	,36.5294342	,38.9111176	,39.8469391	,40.1807861	,40.6463165	,40.9620972	,41.3198318	,40.3157806	,39.6006775	,41.6975403	,41.7235870	,42.0437851	,43.9358559	,46.2814789	,48.0682220	,43.8857117	,49.1921387	,56.4406281	,67.6554565	,212.6791382	,-44.4756775	,195.5256195	,85.7170029	,56.7353516	,53.4914017	,51.0289154	,49.9944458	,48.0503540	,47.1369400	,46.4803543	,45.3440437	,44.3328705	,43.5749664	,43.2934418	,43.3696289	,42.8673096	,41.7313690	,39.8469696	,38.6948395	,39.9069519	,
81.9338455	,38.1585388	,37.8668365	,37.9229546	,38.6511841	,39.1563110	,39.1404419	,39.2160568	,37.8858032	,40.5791168	,43.2724304	,44.2470551	,44.5935783	,45.0499268	,45.3742371	,45.7115021	,44.6656647	,43.9013367	,45.9488831	,45.9476624	,46.2098312	,47.9960709	,50.1697998	,51.7329330	,47.6231384	,52.4013367	,57.8506470	,64.6587372	,110.3891144	,215.5191956	,-27.8196030	,251.6495056	,78.3316040	,65.8375702	,61.0020752	,58.5444336	,55.5452271	,54.1597595	,53.2091446	,51.6717262	,50.3391418	,49.3355560	,48.9697876	,49.0382233	,48.4196625	,47.0870972	,44.6979370	,43.2786865	,44.8691254	,
71.6774826	,33.5234528	,33.2758789	,33.3031464	,33.8974457	,34.2805176	,34.2615204	,34.3056793	,33.1532898	,35.5173798	,37.8814697	,38.6263580	,38.8863525	,39.2307434	,39.4636841	,39.7064819	,38.9113770	,38.2926941	,39.7865601	,39.7488403	,39.9093018	,41.1537476	,42.6435242	,43.6664276	,40.7391968	,43.9523468	,47.1681595	,50.8434753	,60.0998077	,83.1907043	,217.4154358	,-16.4164600	,103.4057617	,67.0821533	,58.5981750	,53.9850464	,50.3151245	,48.6982956	,47.6149139	,46.0277557	,44.6912384	,43.6859741	,43.3202972	,43.3348389	,42.7301865	,41.4772644	,39.3494263	,38.0760193	,39.4660339	,
77.6230469	,36.1222839	,35.8493881	,35.8312302	,36.4215851	,36.7257233	,36.6997147	,36.7058182	,35.3986359	,38.0800323	,40.7614288	,41.3897095	,41.6127472	,41.8910522	,42.0820236	,42.2732391	,41.6318665	,41.0592651	,42.2188568	,42.1806793	,42.2876587	,43.2337952	,44.3300934	,45.0813904	,42.6669922	,45.0555878	,47.3652039	,49.5946045	,52.2330780	,59.9490814	,73.7290192	,109.1476440	,-44.2383881	,161.4111481	,91.5985107	,62.9074707	,56.0938263	,53.6060486	,52.0661621	,50.0609970	,48.4533081	,47.2526550	,46.8179626	,46.7440338	,46.0488129	,44.6740570	,42.5097809	,41.2023010	,42.4884796	,
73.2945938	,32.4677582	,32.2129669	,32.1937027	,32.7539063	,33.0480347	,33.0218506	,33.0295868	,31.8291779	,34.3324890	,36.8358002	,37.4315796	,37.6384087	,37.8936005	,38.0707092	,38.2426834	,37.6269379	,38.6859894	,39.7450409	,39.7054901	,39.7903481	,40.6373825	,41.6166687	,42.2588043	,40.1343689	,42.3116913	,44.0469971	,46.0105896	,47.6713715	,53.0876312	,58.1561737	,67.1651917	,148.8742371	,-6.6840611	,363.6653442	,77.0177155	,58.5492096	,54.5689850	,52.1417618	,49.7114372	,47.4770508	,46.0329285	,45.4964752	,45.3435211	,44.5053864	,42.9004974	,40.4783478	,39.0075684	,40.4195404	,
60.4440880	,27.0558624	,26.8505554	,26.8232803	,27.2785645	,27.5063324	,27.4834137	,27.4863129	,26.5063934	,28.5430145	,30.5796356	,31.0417328	,31.2044525	,31.4018860	,31.5337677	,31.6672516	,31.1876526	,31.9996643	,32.8116760	,32.7663727	,32.8249664	,33.4584389	,34.1853943	,34.6547852	,33.0686951	,34.5527802	,35.9437408	,37.2386932	,38.3027802	,41.8823090	,44.7219238	,48.7457886	,70.2038574	,298.1180115	,-44.5637436	,135.6660614	,54.4040527	,48.0529175	,45.2434540	,42.2477303	,40.1712036	,38.6733856	,38.1600037	,37.9721527	,37.2185364	,35.8227844	,33.6847839	,32.4060669	,33.7252502	,
52.4404869	,23.5223465	,23.3432617	,23.3292160	,23.7398453	,23.9646683	,23.9444046	,23.9547806	,23.1195602	,24.8245773	,26.5295944	,26.9640274	,27.1143379	,27.2914963	,27.4141006	,27.5224380	,27.0651245	,27.8246460	,28.5841675	,28.5190735	,28.5634842	,29.1321869	,29.7765808	,30.1796951	,28.7608032	,30.0457916	,31.2075882	,32.2761230	,32.9905548	,35.7102966	,37.3628540	,39.1455841	,41.9699249	,54.5681152	,115.0909424	,-46.1385498	,74.4756165	,52.5039291	,46.1599426	,41.2969055	,38.2104645	,36.0801086	,35.3763580	,35.0062256	,34.0214081	,32.2796860	,29.8451385	,28.3639221	,29.7461700	,
76.7731552	,34.1671982	,33.8961258	,33.8759460	,34.4775620	,34.7948532	,34.7649002	,34.7675552	,33.4928665	,36.1053085	,38.7177505	,39.3376083	,39.5432205	,39.7892532	,39.9623642	,40.1083145	,39.4598999	,40.4858398	,41.5117798	,41.4332733	,41.4792252	,42.2410812	,43.0988007	,43.6203156	,41.6045227	,43.4022064	,44.8660812	,46.1973572	,46.9583893	,50.1378479	,51.8498077	,53.4500351	,54.9274292	,61.2419205	,68.4078369	,106.1002502	,-35.5840607	,136.9435883	,86.8041229	,69.2710342	,60.9339447	,55.8198242	,54.3089905	,53.2606964	,51.3815842	,48.3063202	,44.1296692	,41.6041412	,43.9307556	,
76.8417282	,34.2191772	,33.9522552	,33.9393082	,34.5247955	,34.8395538	,34.8107147	,34.8082733	,33.5233612	,36.1392365	,38.7551117	,39.3673248	,39.5661354	,39.8073730	,39.9758835	,40.1078644	,39.4733276	,40.4629059	,41.4524841	,41.3649139	,41.4048233	,42.1354752	,42.9506531	,43.4432907	,41.4975891	,43.2142029	,44.5663605	,45.7835693	,46.3896179	,49.1912994	,50.5745544	,51.7779007	,52.5502930	,57.0394554	,60.7281799	,75.9969940	,135.0422821	,-3.7034149	,172.0260162	,87.0333557	,68.6886749	,59.8696899	,57.6302032	,55.7515411	,53.2886963	,49.5769348	,44.7541962	,41.8532867	,44.4744110	,
72.8198395	,32.4445724	,32.1866989	,32.1805115	,32.7362442	,33.0330429	,33.0028076	,33.0020905	,31.8064957	,34.2721939	,36.7378922	,37.3144150	,37.5019608	,37.7254410	,37.8827286	,38.0097084	,37.4021912	,38.3288269	,39.2554626	,39.1675262	,39.1977348	,39.8708344	,40.6152496	,41.0687256	,39.2727661	,40.8392639	,42.0521240	,43.1343384	,43.6128387	,46.0424500	,47.1564941	,48.0606232	,48.4579163	,51.9001846	,54.3220215	,63.6317444	,81.8062134	,161.0722961	,-9.6673965	,155.1443481	,80.2191010	,62.5425873	,59.3600159	,55.9206848	,52.7117691	,48.4138641	,43.1015167	,39.9370422	,42.7919769	,
71.4247284	,33.2853394	,33.0346985	,33.0117989	,33.5450821	,33.8073425	,33.7768555	,33.7687683	,32.5789795	,35.0204773	,37.4619751	,37.9834366	,38.1536942	,38.3572083	,38.4946747	,38.5968552	,38.0686569	,39.0476913	,39.8778610	,39.7847061	,39.8094025	,40.4000435	,41.0589066	,41.4470062	,39.8268661	,40.8645706	,41.9022751	,42.8156357	,43.1718979	,45.1780624	,46.0349960	,46.6837769	,46.8238144	,48.3134117	,49.8030090	,55.8362732	,64.1260376	,80.4842682	,149.5839691	,-10.3256092	,159.2209473	,74.6922150	,74.5852051	,61.0497894	,54.7876740	,49.1826172	,43.0451813	,39.5178223	,42.7720642	,
66.9947662	,31.2774200	,31.0397797	,31.0067291	,31.4931641	,31.7126770	,31.6835098	,31.6671600	,30.5435028	,32.8374329	,35.1313629	,35.5800934	,35.7286987	,35.8998871	,36.0194550	,36.1107559	,35.6608429	,36.5306168	,37.1870651	,37.1322556	,37.1680298	,37.6630173	,38.2110214	,38.5370102	,37.1729202	,38.0271301	,38.8813400	,39.6245117	,39.8775177	,41.4794006	,42.1195984	,42.5742569	,42.5797577	,43.5447159	,44.5096741	,48.5621033	,53.0521545	,59.8116951	,73.0362701	,146.0839233	,-38.4470520	,105.4048462	,85.1733398	,63.2720184	,54.4119186	,47.4769669	,40.9730682	,37.2679443	,40.3460083	,
78.3888245	,36.4187775	,36.1430817	,36.1046906	,36.6548767	,36.8919525	,36.8568115	,36.8264236	,35.5024719	,38.2521973	,41.0019226	,41.4970322	,41.6590576	,41.8465881	,41.9759827	,42.0807533	,41.5859299	,42.6065521	,43.3269958	,43.2622223	,43.2799530	,43.8096504	,44.3930511	,44.7388992	,43.2070618	,44.0991364	,44.9912109	,45.7600098	,45.9840088	,47.6037903	,48.2106934	,48.6121826	,48.5120087	,49.3107834	,50.1095581	,53.6472473	,56.9001007	,61.0826340	,67.0044403	,82.4984894	,120.7149963	,-26.3686161	,181.1615143	,92.6731873	,71.9901428	,59.2594299	,49.3962860	,44.0449524	,48.3406372	,
75.9202805	,35.3858185	,35.1220856	,35.0826187	,35.6060867	,35.8257446	,35.7936478	,35.7598495	,34.4745941	,37.1332397	,39.7918854	,40.2589569	,40.4106483	,40.5849304	,40.7089233	,40.7993011	,40.3461304	,41.2973862	,41.9650040	,41.9097061	,41.9264908	,42.4190826	,42.9585342	,43.2798233	,41.8516922	,42.6760330	,43.5003738	,44.2078018	,44.4001846	,45.8772049	,46.4161148	,46.7633896	,46.6348343	,47.3114128	,47.9879913	,51.0591431	,53.7287750	,57.0483704	,61.6883545	,78.0550690	,94.9691162	,171.0188599	,-45.8545914	,138.3261871	,81.9869919	,61.6669998	,49.4002838	,43.1909790	,48.1309814	,
75.8496704	,35.3411407	,35.0796890	,35.0539284	,35.5959549	,35.8458405	,35.8125305	,35.7870483	,34.5109253	,37.1291504	,39.7473755	,40.2532501	,40.4119949	,40.5995636	,40.7301483	,40.8227158	,40.3137741	,41.2752304	,41.9875870	,41.9302902	,41.9417648	,42.4661903	,43.0353470	,43.3667374	,41.8609695	,42.7135849	,43.5662003	,44.2998886	,44.4689102	,45.9695663	,46.4897308	,46.7941513	,46.5945053	,47.2003441	,47.8061829	,50.6426086	,52.8451233	,55.3828506	,58.3950653	,64.6709442	,71.2179871	,88.7702026	,135.9184875	,-25.3502731	,170.8539124	,83.6821747	,55.9041748	,45.0483856	,54.2405701	,
70.7347946	,33.0142365	,32.7588959	,32.7230873	,33.2231140	,33.4395752	,33.4058990	,33.3770752	,32.1856995	,34.6264496	,37.0671997	,37.5097351	,37.6518402	,37.8091888	,37.9243927	,38.0034180	,37.5648804	,38.3657303	,38.9825363	,38.9224014	,38.9299545	,39.3713760	,39.8520737	,40.1273880	,38.8405075	,39.5507584	,40.2610092	,40.8655624	,40.9977188	,42.2339706	,42.6453018	,42.8718643	,42.6675949	,43.1159248	,43.5642548	,45.7823029	,47.3846130	,49.1769791	,51.1496429	,54.0723114	,57.1000671	,64.4078522	,75.4664917	,156.0672913	,-8.6358204	,132.1791534	,61.9580078	,43.8939972	,60.6044617	,
77.7753296	,36.1552124	,35.8875656	,35.8304901	,36.3446045	,36.5265808	,36.4899979	,36.4400101	,35.0940704	,37.8563995	,40.6187286	,41.0269318	,41.1637306	,41.3049011	,41.4118042	,41.4888992	,41.1032639	,41.8857422	,42.4581909	,42.3691101	,42.3775444	,42.7620773	,43.1769562	,43.4173737	,42.1961365	,42.8050842	,43.4140320	,43.9253235	,44.0378876	,45.0860748	,45.4253082	,45.5998154	,45.3933868	,45.7387238	,46.0840607	,47.8654327	,49.0874329	,50.4206810	,51.8155365	,53.4811249	,55.0836182	,58.8003235	,62.8451538	,84.6675415	,142.4290161	,-20.7124672	,131.5063782	,51.6197052	,88.1929169	,
73.7386932	,38.5243378	,38.2819824	,38.1745224	,38.5896530	,38.6378479	,38.6043854	,38.5219269	,37.2251587	,36.0910568	,38.8152542	,39.0289154	,39.1160812	,39.1894302	,39.2509384	,39.2929726	,39.1682968	,39.3956375	,39.6229782	,39.6122208	,39.6255226	,39.8050880	,39.9990463	,40.1212997	,39.4242935	,39.7280502	,40.0318069	,40.2575302	,40.3258133	,40.8227005	,40.9893570	,41.0937881	,41.0040054	,41.1629753	,41.3219452	,42.1803894	,42.7510223	,43.3736877	,44.0126648	,44.6734619	,45.2575684	,46.6878967	,47.9176025	,54.1216888	,63.8361053	,121.6065979	,-28.6867676	,49.2327881	,53.4714355	,
78.5749359	,40.9621887	,40.7097473	,40.5583992	,40.9539337	,40.9241943	,40.8899307	,40.7776947	,39.3828125	,38.6584167	,41.6673126	,41.7831345	,41.8481140	,41.8818054	,41.9237366	,41.9505310	,41.9740906	,42.0056305	,42.0371704	,42.0733185	,42.0926666	,42.1579208	,42.2227478	,42.2970886	,41.8255615	,41.9596100	,42.0936584	,42.1681671	,42.2167664	,42.4161072	,42.4918900	,42.5615158	,42.5340576	,42.5982666	,42.6624756	,43.0237122	,43.2607574	,43.5181503	,43.7732315	,44.0012436	,44.1815186	,44.4222260	,44.6629333	,46.5375977	,48.4915085	,51.3401337	,49.1647034	,-47.1420631	,64.3953247	,
80.6922073	,42.1007690	,41.8272476	,41.7248001	,42.1867371	,42.2638855	,42.2252426	,42.1366425	,40.7305908	,39.4101410	,42.3963165	,42.6599426	,42.7582397	,42.8459778	,42.9193726	,42.9666634	,42.7872925	,43.0639496	,43.3406067	,43.3229980	,43.3283043	,43.5393982	,43.7528229	,43.8970871	,43.0705261	,43.4051208	,43.7397156	,43.9977264	,44.0681610	,44.6183777	,44.7941589	,44.8993378	,44.7570953	,44.9164810	,45.0758667	,45.9500732	,46.5201111	,47.1269684	,47.7487717	,48.3571625	,48.8988190	,50.2181396	,51.3469543	,57.5514526	,69.0733032	,90.6814575	,57.1378784	,63.2862549	,-44.2329330	,
