电流	  ,电压1	  ,电压2	  ,电压3	  ,电压4	  ,电压5	  ,电压6	  ,电压7	  ,电压8	  ,电压9	  ,电压10	  ,电压11	  ,电压12	  ,电压13	  ,电压14	  ,电压15	  ,电压16	  ,电压17	  ,电压18	  ,电压19	  ,电压20	  ,电压21	  ,电压22	  ,电压23	  ,电压24	  ,电压25	  ,电压26	  ,电压27	  ,电压28	  ,电压29	  ,电压30	  ,电压31	  ,电压32	  ,电压33	  ,电压34	  ,电压35	  ,电压36	  ,电压37	  ,电压38	  ,电压39	  ,电压40	  ,电压41	  ,电压42	  ,电压43	  ,电压44	  ,电压45	  ,电压46	  ,电压47	  ,电压48	  ,
56.7708168	,9.5184441	,285.2733765	,28.6124649	,11.7173920	,7.7487640	,4.2920609	,3.1019745	,1.4470329	,-0.1376858	,-1.4626999	,-0.9132919	,-0.3358612	,-0.0662537	,-0.5283737	,-0.5806103	,-0.9667358	,-0.8941765	,-1.5062618	,-1.4714966	,-1.3833942	,-1.4665432	,-1.4427376	,-1.4445267	,-1.5904312	,-1.6682129	,-1.7684174	,-1.7631073	,-1.8393478	,-1.8215790	,-1.9537430	,-2.0340271	,-1.9557095	,-1.8773918	,-1.8361015	,-1.8879833	,-1.9301825	,-2.0183525	,-2.2102776	,-2.1523590	,-2.2453194	,-2.3382797	,-2.6261749	,-2.8766060	,-2.8052826	,-3.8076172	,-5.3103638	,-10.8870277	,-231.8497162	,
52.4072456	,260.4914551	,19.5702019	,99.8337173	,18.3427467	,10.4167328	,5.8701096	,4.4358597	,2.4924412	,0.8164635	,-0.6004791	,-0.1081543	,0.5279465	,0.8128357	,0.3634186	,0.2702980	,-0.1212578	,-0.0918045	,-0.6845207	,-0.5469513	,-0.5734100	,-0.6558018	,-0.6770554	,-0.6869621	,-0.8257904	,-0.9982910	,-0.9971085	,-0.9865417	,-1.0575714	,-1.0462837	,-1.1637497	,-1.2516479	,-1.1785202	,-1.1053925	,-1.0778465	,-1.1433811	,-1.1825409	,-1.2404251	,-1.4015121	,-1.3607063	,-1.4442406	,-1.5277748	,-1.7827950	,-2.0083199	,-1.9379997	,-2.8044243	,-4.0969963	,-8.7799110	,-193.8057556	,
43.4705238	,20.7928658	,78.0781631	,21.2136803	,69.5809937	,20.2664795	,9.7624588	,6.7286072	,4.1039581	,1.4467812	,-0.5312347	,0.1583023	,0.9959068	,1.3307495	,0.7254677	,0.5860176	,0.0550976	,-0.1281662	,-0.9239998	,-0.6900177	,-0.7251816	,-0.8617916	,-0.8442688	,-0.8321095	,-1.0214767	,-1.1304626	,-1.2199783	,-1.1808243	,-1.2416153	,-1.2381096	,-1.3753510	,-1.5365448	,-1.4066830	,-1.2523041	,-1.1748543	,-1.1892433	,-1.1922626	,-1.2315826	,-1.3626251	,-1.4009171	,-1.5046501	,-1.5566406	,-1.7409058	,-1.9246407	,-1.9426880	,-2.5758972	,-3.6038666	,-7.3070984	,-153.9004974	,
55.2131500	,11.3514252	,17.9100266	,84.5339661	,-9.1842422	,114.2273407	,27.8077240	,15.3838654	,9.0305710	,3.9720802	,0.3607140	,1.5484695	,2.7804642	,3.2999115	,2.2857552	,1.9598007	,1.0588245	,0.6072922	,-0.7123051	,-0.5461884	,-0.4919643	,-0.6370010	,-0.6291084	,-0.5925674	,-0.8241196	,-1.1223145	,-1.0951462	,-1.0357285	,-1.1106567	,-1.1278496	,-1.2992172	,-1.5355835	,-1.3724632	,-1.1906967	,-1.1041946	,-1.1258583	,-1.1401863	,-1.1987915	,-1.3408661	,-1.4097252	,-1.5340233	,-1.6030807	,-1.8048172	,-2.0249786	,-2.0578308	,-2.8154449	,-4.1014404	,-8.7319946	,-192.8262787	,
62.9846115	,9.1088715	,11.9037342	,29.1166725	,127.9106445	,-30.2862549	,90.9466248	,30.4213257	,15.8998213	,7.2119446	,1.6323967	,3.2589874	,4.9375458	,5.5523376	,4.0880661	,3.6156635	,2.3704243	,1.6709480	,-0.0549374	,0.3113861	,0.3073387	,0.0903244	,0.0846939	,0.0840855	,-0.2911301	,-0.5815125	,-0.6724091	,-0.5921631	,-0.6692886	,-0.6926117	,-0.9386139	,-1.2451172	,-1.0459957	,-0.8554764	,-0.7535210	,-0.7836895	,-0.7966166	,-0.8786316	,-1.0194092	,-1.1327667	,-1.2742233	,-1.3692474	,-1.5910110	,-1.8439960	,-1.8767395	,-2.7532349	,-4.2402649	,-9.5562229	,-221.3889618	,
66.1449432	,6.7018795	,8.2818127	,16.2016830	,33.9462433	,94.1497955	,-19.4550495	,75.3312378	,25.2291908	,10.2605667	,2.9934998	,4.6699295	,6.3652115	,6.8621826	,5.2878609	,4.6870937	,3.3702846	,2.6352005	,0.9396896	,1.4835052	,1.2136345	,0.9457703	,0.8883972	,0.8621082	,0.5098877	,0.2433777	,0.1341629	,0.2053375	,0.1079559	,0.0674324	,-0.1182404	,-0.3996735	,-0.2270947	,-0.0051880	,0.0752335	,0.0385361	,0.0125618	,-0.0740967	,-0.2097321	,-0.3106880	,-0.4424744	,-0.5309753	,-0.7709122	,-1.0361376	,-1.0483017	,-1.9800873	,-3.5558319	,-9.1577339	,-232.1734772	,
68.7268753	,5.8134422	,6.9723797	,12.6294956	,20.5196457	,33.5937805	,75.7649536	,-24.1962948	,84.8020630	,21.0075092	,5.2023010	,6.9913101	,8.9886169	,9.2633820	,7.2408447	,6.2965088	,4.5987592	,3.5665359	,1.5053921	,1.8358154	,1.6693420	,1.3772259	,1.3581352	,1.3765793	,0.9871902	,0.7882080	,0.5765610	,0.6482239	,0.5462570	,0.4972572	,0.2981796	,-0.0072327	,0.1787910	,0.4105377	,0.4966087	,0.4538288	,0.4236555	,0.3328857	,0.1873169	,0.0689545	,-0.0884438	,-0.1782532	,-0.4399490	,-0.7216043	,-0.7345886	,-1.7207489	,-3.3933105	,-9.3191357	,-246.7482758	,
72.7726135	,4.9014692	,5.7154503	,9.7225628	,14.3919373	,20.1127319	,27.8118286	,87.5328369	,13.2864990	,72.6795502	,10.0710602	,10.5085373	,12.1973228	,11.6519775	,9.4865303	,7.8693085	,5.8067594	,4.5505447	,2.2391758	,2.5331268	,2.4688168	,2.2054234	,2.1270103	,2.0781736	,1.4756088	,1.3653564	,1.2128983	,1.2688675	,1.1557388	,1.1012039	,0.9076614	,0.6199341	,0.7686996	,0.9174652	,0.9814110	,0.9284115	,0.8342915	,0.7628937	,0.6025391	,0.5096321	,0.3668442	,0.4115906	,0.1051483	,-0.2126760	,-0.1709213	,-1.3240356	,-3.2161407	,-9.8998146	,-276.8651733	,
75.1568604	,3.7634525	,4.1518822	,6.4148102	,8.8567657	,11.4015656	,13.1007385	,23.6329041	,73.8552551	,14.8410177	,28.7155037	,16.8943253	,15.3877449	,12.2682495	,12.8139114	,8.4535408	,6.0400434	,4.8452759	,2.9091244	,3.0967407	,2.9353657	,2.6440296	,2.5667152	,2.5446358	,2.2312775	,2.1301270	,1.8695679	,1.8805389	,1.7740326	,1.7281494	,1.5942612	,1.4331818	,1.4896317	,1.5460815	,1.5441856	,1.4631157	,0.4360743	,1.3779373	,1.1392899	,1.1137352	,0.9822159	,0.8506966	,0.4943657	,0.1559763	,0.2875786	,-0.9951057	,-3.0141182	,-10.0496960	,-290.9408875	,
75.9108963	,2.8460922	,3.0285492	,3.9017868	,4.8148117	,5.6743774	,5.9483337	,7.6943817	,11.6752310	,27.8593674	,16.9585361	,73.5640869	,37.6436844	,14.1095581	,18.2341309	,8.8085747	,5.6595955	,4.7955704	,3.4192352	,3.5601959	,3.3848801	,3.1759796	,3.0586128	,2.9217539	,2.6982574	,2.4706116	,2.4308014	,2.3992996	,2.2985687	,2.2653236	,2.2024460	,2.1801300	,2.1487398	,2.1173496	,2.0419331	,1.9511585	,1.8528147	,1.6974430	,1.5101871	,1.5527401	,1.4742413	,1.3957424	,0.9873486	,0.6308174	,0.8701534	,-0.5601292	,-2.6968632	,-10.0582066	,-304.4456177	,
74.9808731	,3.1197891	,3.3776360	,4.7136879	,5.8188248	,7.1667023	,7.4331512	,9.3386230	,11.8837957	,16.7193050	,69.2142944	,-14.9537621	,202.3244629	,37.0129089	,19.7425117	,13.0958443	,9.0943432	,6.9682922	,4.1007614	,4.4689026	,4.0805130	,3.6289597	,3.4716072	,3.3862457	,2.9450226	,2.6865845	,2.4721985	,2.4927063	,2.3638992	,2.2997665	,2.1420517	,1.9293365	,2.0164833	,2.1036301	,2.1047592	,2.0214329	,1.9411454	,1.7946320	,1.6212158	,1.5680542	,1.4534531	,1.3388519	,0.9642487	,0.5969114	,0.7288284	,-0.6206360	,-2.7376099	,-10.0256443	,-300.8641968	,
49.7097549	,2.2033234	,2.4230652	,3.6307945	,4.6850586	,5.7098999	,5.8509064	,7.2739563	,8.6984262	,9.8796053	,23.1894417	,131.0612335	,21.6887894	,85.2830048	,26.8879166	,15.6657124	,9.8742628	,6.7877541	,3.4488277	,3.8300171	,3.4218292	,2.9855442	,2.7971191	,2.6865664	,2.1873322	,1.8069763	,1.6664124	,1.7157135	,1.5879593	,1.5152473	,1.3310623	,1.0505066	,1.1876373	,1.3281403	,1.3411522	,1.2577820	,1.2052517	,1.0948792	,0.9698029	,0.9025841	,0.8343010	,0.7858658	,0.5874329	,0.3680878	,0.3961487	,-0.3907928	,-1.7244568	,-6.3634510	,-191.0951080	,
62.0419960	,1.7490187	,2.0300503	,3.7312832	,5.1573620	,6.4130993	,6.4666119	,8.0779095	,9.1468868	,9.6665001	,10.1861134	,29.2458496	,103.6816788	,-57.9017410	,197.4490662	,51.9033279	,25.9815521	,14.3506889	,6.5530815	,7.1347504	,5.9337616	,5.0917301	,4.7527657	,4.6063805	,3.6130219	,3.0942383	,2.6404037	,2.7947388	,2.6034393	,2.4667397	,2.0972214	,1.4234009	,1.8094177	,1.9006119	,2.1226578	,2.0876560	,2.0781984	,2.0281067	,1.8358612	,1.5068130	,1.2666740	,1.0948944	,0.8977356	,0.6122584	,0.4461670	,-0.3907471	,-1.9954681	,-7.6886406	,-234.0827484	,
60.8436623	,2.5649538	,2.7849197	,4.1160965	,5.1338654	,6.1697540	,6.1975861	,7.4358521	,8.4717112	,10.2076149	,13.7800503	,15.2813797	,32.3115883	,191.5427551	,-8.7550869	,169.1219177	,48.4534607	,17.3261986	,7.3902912	,7.4038544	,6.4912357	,5.3677254	,4.8811035	,4.6203499	,3.6322861	,2.9039917	,2.5599060	,2.6135101	,2.3360291	,2.1626854	,1.8623123	,1.3978119	,1.5951099	,1.6697388	,1.5338936	,1.2818489	,1.1314001	,0.8774719	,0.6900024	,0.7402229	,0.7503204	,0.7604179	,0.5791435	,0.3619800	,0.4302635	,-0.5131874	,-2.1339760	,-7.8609753	,-235.8220825	,
55.0188026	,2.2243347	,2.3988495	,3.5401840	,4.0142822	,5.1877747	,5.1217804	,6.0053253	,6.4670296	,6.0221844	,5.5074015	,9.0782547	,16.7385254	,45.5058594	,148.3801117	,-0.1538677	,221.9749451	,31.0544147	,11.1245270	,10.0106812	,8.2543869	,6.6683731	,5.9971504	,5.5855217	,4.2850266	,3.6012573	,3.0366898	,3.1847839	,2.9293671	,2.7533340	,2.3524475	,1.6235046	,2.0304775	,2.0356598	,2.1943626	,2.1218948	,2.1034551	,2.0727844	,1.9699249	,1.6779900	,1.4674149	,1.2686462	,1.0908279	,0.8120613	,0.6194153	,-0.1451263	,-1.6309357	,-6.8483734	,-213.8743591	,
52.6162758	,1.9748421	,2.0999908	,2.9416733	,3.4960632	,4.1154175	,4.0366135	,4.6348877	,4.8851261	,4.2901039	,3.4551754	,6.1118927	,10.6181297	,22.0903015	,41.6814499	,214.6188965	,9.1394444	,69.3254929	,30.1652012	,12.6695862	,9.0512047	,6.9933243	,6.1518707	,5.7426558	,4.4191437	,3.4307556	,3.1619873	,3.3017426	,3.0455322	,2.8736076	,2.4820633	,1.7838440	,2.1567192	,2.1879272	,2.3423462	,2.2445621	,2.1833177	,2.0807800	,1.9067535	,1.6566887	,1.4828835	,1.3248978	,1.1284027	,0.8587313	,0.7349472	,-0.0795746	,-1.6034851	,-6.3496819	,-218.5252991	,
62.9085083	,2.2617950	,2.3701096	,3.1330643	,3.6876221	,4.1531219	,4.0568237	,4.5490417	,4.7095757	,4.0895195	,3.2180672	,5.4091263	,8.7247810	,14.8582764	,17.9761353	,35.1080551	,80.4406586	,13.3793945	,56.8105087	,21.5426025	,13.5716209	,10.0925007	,8.5987358	,7.7805748	,5.9294586	,4.8775024	,4.2334366	,4.3954620	,4.0508347	,3.8240433	,3.3394623	,2.4668274	,2.9172153	,2.9643097	,3.1333504	,2.9931889	,2.9226470	,2.7637939	,2.5380249	,2.2380829	,2.0279083	,1.8512344	,1.6101303	,1.2890916	,1.1654053	,0.1621399	,-1.6791992	,-8.3580780	,-264.3152161	,
69.9345551	,2.3514271	,2.4100990	,2.7797089	,2.9961548	,3.3079529	,3.2777557	,3.5319061	,3.6248894	,3.3222523	,2.8839798	,3.9380112	,5.5332146	,8.3082581	,9.2501678	,14.4947510	,39.5242195	,61.0933228	,-6.2754750	,32.5331726	,13.6654968	,9.4472771	,7.7607040	,6.8735847	,5.4205246	,4.6709595	,4.1263123	,4.2007675	,3.9208069	,3.7512245	,3.4298553	,2.8881073	,3.1219358	,3.3743896	,3.3344536	,3.2410221	,3.1342726	,2.9457703	,2.7255096	,2.5882416	,2.4378624	,2.3551178	,1.9903564	,1.5943274	,1.7000275	,0.3839722	,-1.7441864	,-9.4090347	,-303.2659912	,
68.4148178	,2.3479385	,2.4133148	,2.8875046	,3.2044296	,3.5036011	,3.4290771	,3.7056274	,3.7704506	,3.3647881	,2.8098373	,3.9919815	,5.7614098	,8.6190796	,9.1903381	,12.6745567	,16.4504128	,23.3925972	,28.6139679	,-33.3932343	,37.5481033	,18.3054981	,13.0957756	,10.7671471	,7.8832932	,6.5136414	,5.5898209	,5.8397217	,5.3959808	,5.0898285	,4.4981766	,3.3859711	,3.9673462	,4.0049744	,4.2073364	,4.0242500	,3.9193778	,3.6937256	,3.3825836	,3.0127029	,2.7464256	,2.5631638	,3.1661682	,1.9014406	,1.7493439	,0.5977478	,-1.4540100	,-8.7366486	,-286.5409241	,
67.7694397	,8.2632370	,8.2916870	,8.7646332	,8.9630318	,9.3319740	,9.2388802	,9.4804802	,9.5136871	,8.9735794	,8.4334717	,9.4919434	,11.0388756	,13.4737930	,13.8329697	,16.3595963	,17.7408981	,14.9892349	,12.2375717	,35.4456177	,-7.7500644	,49.5213814	,22.0487404	,15.7734013	,10.6574249	,8.6066895	,7.2103119	,7.6947327	,7.0593567	,6.5985641	,5.7406464	,4.0381927	,4.9692402	,4.8099213	,5.0999489	,4.7735519	,4.6303425	,4.3537750	,3.9298706	,3.4037666	,3.0549889	,2.7757874	,2.5904541	,2.1667557	,1.9032135	,0.8711243	,-1.0664673	,-8.0407715	,-275.0155640	,
60.1746864	,6.1421452	,6.1920757	,6.5622883	,6.7931385	,7.0006695	,6.9157009	,7.0918560	,7.1036034	,6.6762543	,6.2489052	,7.0371895	,8.1696358	,9.8872643	,10.0618935	,11.7303085	,12.4034805	,10.0808392	,7.7581978	,15.7263947	,41.2658691	,-6.3865190	,49.6398163	,22.1106319	,12.1687546	,9.4334717	,7.8454666	,8.6940002	,7.8733673	,7.2826462	,6.3392792	,4.2326813	,5.4780979	,5.2446060	,5.5004768	,4.8879910	,4.6462121	,4.2973022	,3.8125763	,3.2568893	,2.9011154	,2.6342621	,2.4400940	,2.0916529	,1.7990417	,0.9227600	,-0.7944641	,-6.9630165	,-242.7341614	,
61.9306793	,5.6813297	,5.7248936	,6.1124706	,6.2664776	,6.5462780	,6.4465466	,6.6115322	,6.6047001	,6.1656876	,5.7266750	,6.4974651	,7.5699825	,9.1682873	,9.2940121	,10.7369061	,11.1882553	,8.9651070	,6.7419586	,12.0681610	,19.2087860	,48.6655273	,-11.7741823	,76.7572098	,19.9566193	,13.6614990	,11.0083923	,12.6127930	,11.2178955	,10.2444992	,8.8779755	,5.5315247	,7.5938473	,7.1153488	,7.2925644	,6.1049957	,5.6855454	,5.1645660	,4.4825592	,3.7477150	,3.2984505	,2.9440231	,2.7758789	,2.4220343	,1.9994278	,1.1761322	,-0.5485382	,-6.7335739	,-242.9910736	,
59.2742386	,1.9537659	,1.9936905	,2.3728828	,2.7058830	,2.7831268	,2.6740723	,2.8203888	,2.8020573	,2.4522762	,2.0316353	,2.7432709	,3.7191505	,5.1510010	,5.2157059	,6.4350624	,6.6981030	,7.6670074	,5.5194244	,8.8948364	,13.2179108	,20.8448181	,71.2027283	,-3.5055578	,50.6404190	,19.0052185	,14.0559387	,15.8362274	,13.7868881	,12.4779282	,10.7093201	,6.3791199	,9.0108786	,8.3220901	,8.4851036	,6.8911343	,6.3330755	,5.6681824	,4.8520050	,3.9941025	,3.4896889	,3.0631714	,2.9255981	,2.5909910	,2.0489349	,1.3382263	,-0.3026428	,-6.2190781	,-232.0590668	,
38.6808205	,1.2024784	,1.2231560	,1.4157829	,1.5067520	,1.6196899	,1.5632629	,1.6318054	,1.6225586	,1.4454689	,1.2262802	,1.5590363	,2.0399323	,2.7353973	,2.7415085	,3.2907982	,3.3707085	,3.8348656	,2.7640877	,4.0538025	,5.9400864	,7.2953415	,11.7057648	,30.1562653	,-20.2936821	,26.0453796	,11.2661667	,10.7807541	,8.8938065	,7.9971848	,6.6681976	,3.9738617	,5.3515205	,4.8646088	,5.0793839	,4.3178234	,3.9894505	,3.5655212	,3.0672607	,2.5430222	,2.2279549	,1.9744797	,1.8741150	,1.6623659	,1.3401566	,0.8993378	,0.9390869	,-4.5144501	,-149.2308960	,
57.7924080	,3.7093592	,3.7356920	,3.9867220	,4.1348696	,4.2499514	,4.1764727	,4.2641420	,4.2458658	,3.9686670	,3.6914682	,4.1342058	,4.7301340	,5.5736895	,5.5868425	,6.2538157	,6.3504486	,5.1323662	,3.9142838	,5.7420349	,7.5457039	,9.1910172	,12.7827530	,17.9959869	,35.7307129	,-64.3863373	,38.6319122	,23.2914734	,17.2319489	,15.4749832	,12.6041946	,7.1923370	,9.6384296	,8.6804352	,9.2458878	,8.0027275	,7.4296966	,6.4904633	,5.3149109	,4.3247261	,3.7700005	,3.3066711	,3.1717911	,2.8542948	,2.2669601	,1.6304932	,0.2232056	,-5.3850746	,-212.0767365	,
60.5713158	,3.5493832	,3.5749722	,3.8039036	,3.9357128	,4.0426540	,3.9724789	,4.0480099	,4.0285568	,3.7763557	,3.5241547	,3.9146156	,4.4374695	,5.1682091	,5.1500053	,5.7268753	,5.7849693	,4.7488289	,3.7126884	,5.1943207	,6.5919952	,7.9432945	,10.8297997	,14.2336044	,17.0978699	,38.0295105	,-23.8160515	,75.7009125	,25.5159912	,22.5738964	,16.9048996	,9.0476074	,11.6025658	,14.1575241	,15.5742950	,14.8788185	,14.3658943	,12.8094940	,10.6443634	,9.2577820	,8.4401779	,7.6225739	,7.4663162	,7.0764070	,6.2904587	,5.6527939	,4.1548538	,-1.7596397	,-219.0832214	,
54.1451988	,1.6938572	,1.7147827	,1.9489365	,1.9591713	,2.1829224	,2.1029968	,2.1748276	,2.1475296	,1.9339409	,1.6784363	,2.0377731	,2.5919762	,3.2756653	,3.2399902	,3.7867203	,3.8241820	,4.3017044	,3.2445354	,4.5859222	,6.1353722	,7.7811584	,11.0280838	,14.4126244	,14.9305038	,20.9698181	,64.8809814	,-30.1820030	,58.9105453	,41.6295586	,22.6119843	,10.7860718	,14.5080452	,12.6855316	,13.9743996	,12.0065708	,10.9222231	,9.0708771	,6.7695923	,5.2854462	,4.4381866	,3.7810669	,3.6941147	,3.3594885	,2.4735031	,1.9818420	,0.6197968	,-4.7568741	,-201.7375488	,
60.6571159	,3.5333996	,3.5552158	,3.8236828	,3.8598232	,4.0798893	,3.9846668	,4.0634098	,4.0232162	,3.7366219	,3.4500275	,3.8535652	,4.4247208	,5.1871529	,5.1345558	,5.7258606	,5.7616882	,4.7105370	,3.6593857	,5.2127228	,6.7938118	,8.2805557	,11.3980522	,14.4465141	,14.2325287	,17.9594116	,25.0384521	,63.9293518	,-17.3733826	,125.5340652	,38.1985092	,15.0149002	,18.4937878	,21.9726753	,24.9657021	,23.9374161	,22.9182892	,20.2091560	,16.4474678	,14.1059151	,12.7152977	,11.3246803	,11.1747475	,10.6927919	,9.3272362	,8.8780174	,7.3982201	,1.2369518	,-219.9183960	,
62.7184029	,3.5412359	,3.5642843	,3.8077803	,3.9736509	,4.0472555	,3.9617910	,4.0381231	,3.9996252	,3.7356749	,3.4717245	,3.9061384	,4.4004393	,5.0655394	,5.0209608	,5.5532293	,5.5805874	,4.6117935	,3.6429996	,5.0284882	,6.3755684	,7.7102089	,10.5721893	,13.3940125	,13.1850586	,16.7261353	,23.0671082	,47.7250671	,126.6754608	,13.7658100	,75.8174133	,17.7138367	,19.6548958	,21.5959549	,25.0410881	,24.5688400	,23.5462456	,20.0707626	,15.3943100	,13.0182610	,11.6587334	,10.2992058	,10.1858101	,9.6984768	,8.4403572	,7.8633842	,6.1496544	,-0.6495953	,-249.6602478	,
63.0771523	,3.4406676	,3.4584785	,3.6480689	,4.0706992	,3.8412528	,3.7816062	,3.8429008	,3.8195529	,3.6191707	,3.4187884	,3.7309794	,4.1376681	,4.6814036	,4.6371570	,5.0774646	,5.0984764	,4.2781906	,3.4579048	,4.5663605	,5.8614120	,6.9490032	,9.3664513	,11.6329880	,11.1404037	,13.6896362	,17.2560577	,25.9080505	,37.9234924	,73.2763596	,-17.7581902	,30.8473969	,20.4486923	,15.5309372	,18.5329704	,17.2838631	,15.6829424	,12.6398773	,8.9884949	,6.9439507	,5.7686958	,4.9116821	,4.7578735	,4.2818112	,3.1684113	,2.4246674	,0.5879974	,-6.5289001	,-266.9028015	,
63.0344849	,2.9152083	,2.9315486	,3.0183215	,3.1376109	,3.1335711	,3.1196475	,3.1572604	,3.1591582	,3.0681853	,2.9772124	,3.1376662	,3.3790069	,3.6585555	,3.6404090	,3.9015021	,3.9473686	,3.5920181	,3.2366676	,4.1253815	,4.5596848	,5.1336365	,6.3128700	,7.3636684	,7.0115204	,8.1275940	,9.5526733	,12.7797699	,15.1426544	,17.4778786	,28.5536652	,-31.9885616	,35.7499771	,11.3024521	,11.4913712	,10.5500622	,9.7686052	,8.3401794	,6.6015472	,5.3986130	,4.6514893	,4.1138535	,3.9116745	,3.5134702	,2.6592407	,1.9225159	,0.2960205	,-6.2735081	,-248.0099792	,
42.8127480	,2.0440798	,2.0557413	,2.1664362	,2.3023119	,2.2822123	,2.2477198	,2.2821665	,2.2703257	,2.1531801	,2.0360346	,2.2182436	,2.4493761	,2.7762728	,2.7660837	,3.0023184	,3.0428886	,2.7063446	,2.3698006	,3.2445068	,3.5635605	,4.1721115	,5.5696716	,6.7997303	,6.2023621	,7.0866699	,8.1484680	,11.5316467	,12.5800018	,13.2550983	,12.9518433	,21.6646271	,-3.9371252	,26.9957047	,12.9042397	,10.1676044	,8.8862934	,7.5544281	,6.1429138	,4.7951889	,4.0304718	,3.4296799	,3.3535385	,3.0454695	,2.2271500	,1.8228760	,0.6836853	,-3.7399826	,-164.9828644	,
55.7385559	,2.6441362	,2.6560533	,2.7528970	,2.7178094	,2.8659799	,2.8419244	,2.8752649	,2.8699377	,2.7704771	,2.6710165	,2.8389471	,3.0467451	,3.3362005	,3.3144987	,3.5432661	,3.5531693	,3.1218681	,2.6905670	,3.2289124	,3.9442139	,4.7333603	,6.3279800	,7.7657089	,7.0289459	,8.1196289	,9.1172791	,12.8207397	,13.6222458	,14.0003700	,13.9259033	,8.8208466	,30.6458130	,-18.2617226	,65.9587402	,16.5311680	,12.2591019	,9.7734222	,7.8373413	,6.1057549	,5.1254158	,4.3775024	,4.2243881	,3.8131177	,2.8901291	,2.2747498	,0.7830200	,-4.9414330	,-213.8552246	,
55.7687569	,2.7334728	,2.7478828	,2.9503212	,2.9646111	,3.0282478	,2.9818459	,3.0227013	,3.0015354	,2.8524952	,2.7034550	,2.9117260	,3.2214336	,3.5823116	,3.5659428	,3.8286667	,3.8248863	,3.2667694	,2.7086525	,3.3551636	,4.2378693	,5.0584908	,6.6002426	,7.9607735	,7.3428955	,8.6982422	,10.2984390	,14.1484222	,15.9879074	,16.9638767	,16.7644348	,9.3347168	,15.3075562	,62.9382935	,22.7365494	,70.8313904	,24.7778873	,15.1148376	,11.1063995	,8.1749725	,6.5378838	,5.3843994	,5.2405472	,4.7634020	,3.3320541	,2.9502258	,1.4978638	,-4.0682373	,-205.8243866	,
54.7609444	,2.6475425	,2.6607985	,2.8116431	,2.8855796	,2.9529471	,2.8991981	,2.9396110	,2.9130378	,2.7566924	,2.6003470	,2.7928710	,3.1499534	,3.4814086	,3.4824996	,3.7126746	,3.7003384	,3.1818619	,2.6633854	,3.3600159	,4.0269127	,4.5665722	,5.5805588	,6.4684391	,6.2170639	,7.4143372	,9.4944916	,12.0303955	,14.7748413	,16.3731441	,15.6605377	,8.6065216	,12.2551651	,15.2672272	,67.5721741	,17.4097729	,119.8261414	,26.7386932	,14.6899719	,10.3824501	,7.8124962	,6.2201309	,6.0448990	,5.4893646	,3.6777725	,3.4231873	,1.9673920	,-3.5079689	,-199.5576019	,
35.8542137	,1.7108166	,1.7193062	,1.8280404	,1.8679268	,1.9295800	,1.8861229	,1.9122536	,1.8899415	,1.7733757	,1.6568100	,1.8296387	,2.0376847	,2.2809098	,2.2522423	,2.4296448	,2.4165020	,2.0571022	,1.6977024	,2.1605377	,2.6215019	,2.8719978	,3.4467239	,3.9204311	,3.7810669	,4.5423279	,5.8858719	,7.1493835	,9.0047836	,10.1162643	,9.2997894	,5.1671143	,6.9722672	,7.3695068	,15.5477591	,75.1189651	,11.2203064	,180.5328369	,16.5522919	,12.1265602	,6.5412750	,4.9036560	,4.6555710	,4.1870403	,2.6928253	,2.6439209	,1.6875305	,-1.7819214	,-124.2218246	,
33.5818901	,1.5752558	,1.5894579	,1.6877016	,1.7574266	,1.7803682	,1.7362932	,1.7583193	,1.7343782	,1.6246485	,1.5149187	,1.6256098	,1.8411897	,2.0728145	,2.0624766	,2.1827044	,2.1528835	,1.8042717	,1.4556599	,1.7282410	,2.1050682	,2.3603897	,2.8238335	,3.2426567	,3.1667099	,3.6816406	,4.6010666	,5.5079193	,6.7834930	,7.5432205	,6.8946915	,4.1074371	,5.5253525	,5.5298920	,8.9056492	,15.3295631	,163.2612457	,-41.5138969	,43.6405792	,59.3477173	,9.7623978	,6.3105392	,5.5898819	,4.9160194	,3.0079803	,3.0973816	,2.1833191	,-1.0004196	,-110.9093475	,
48.4334412	,2.2281017	,2.2390099	,2.3969917	,2.4613419	,2.5307121	,2.4635811	,2.4973793	,2.4592209	,2.2931938	,2.1271667	,2.3293533	,2.6257248	,2.9596939	,2.9202499	,3.1431198	,3.1159401	,2.7029724	,2.2900047	,2.9261017	,3.2443619	,3.4307022	,3.9198494	,4.3148251	,4.1496429	,4.4046326	,5.1252823	,6.1257324	,7.0822601	,7.5680771	,7.1594162	,4.8526459	,6.7519455	,6.7724609	,9.8068905	,12.7303896	,21.1450119	,57.1285095	,-34.5176125	,86.6110535	,20.3747063	,12.4791336	,10.4604568	,8.9053364	,5.1876755	,5.3980103	,3.9364624	,-0.7787971	,-160.3567963	,
53.9624634	,2.4174395	,2.4277868	,2.5447950	,2.6214895	,2.6547651	,2.6099348	,2.6373472	,2.6106024	,2.4883795	,2.3661566	,2.5111990	,2.7441664	,3.0013266	,2.9768286	,3.1213312	,3.0830669	,2.6797066	,2.2763462	,2.5725861	,3.0208817	,3.2149410	,3.6086235	,3.9422894	,3.8740692	,4.1556702	,4.6005554	,5.3905258	,6.0703583	,6.4241638	,6.1262283	,4.5238037	,5.9323082	,6.0082092	,8.1746597	,10.1478462	,17.5695572	,90.5331268	,94.0326538	,20.7636967	,93.8725739	,27.5668564	,14.1336594	,10.6584063	,5.9609909	,5.9415588	,4.2606354	,-0.8449860	,-171.6714325	,
57.2309341	,2.8679633	,2.8779998	,2.9864211	,3.0417876	,3.0849776	,3.0496459	,3.0760512	,3.0562758	,2.9491477	,2.8420196	,2.9866729	,3.1718192	,3.4264693	,3.4311843	,3.5451789	,3.5531139	,3.2497482	,2.9463825	,3.5447235	,3.7100143	,3.7775345	,4.0247459	,4.2379379	,4.1648483	,4.2322388	,4.2996292	,4.9574432	,5.4582520	,5.7099075	,5.4832001	,4.1743622	,5.4207878	,5.5232697	,7.1305618	,8.3636417	,10.3988342	,16.1139069	,23.3265991	,97.5257492	,26.8782387	,68.8880692	,22.7777863	,14.6449947	,7.4356613	,7.2201996	,5.2205200	,-0.2648888	,-178.3768005	,
53.4300270	,2.2540479	,2.2651582	,2.3239579	,2.3467622	,2.3942857	,2.3803163	,2.3992906	,2.3917832	,2.3344979	,2.2772126	,2.3412499	,2.4858613	,2.6385217	,2.6101174	,2.7264142	,2.7177658	,2.5165138	,2.3152618	,2.6049652	,2.6682625	,2.8027973	,3.0447731	,3.2242851	,3.1973495	,3.3725586	,3.5588684	,4.0162811	,4.3544312	,4.5329552	,4.3712616	,3.4979553	,4.3599968	,4.5116348	,5.5821686	,6.3654861	,7.5123310	,9.9729767	,13.5023193	,26.9356155	,61.9408035	,-14.3911247	,59.4223938	,20.0943947	,7.8695831	,6.8710327	,4.7738647	,-0.4836254	,-167.5311584	,
44.5864067	,1.9348450	,1.9439812	,2.0068245	,2.0615768	,2.0717125	,2.0514870	,2.0654488	,2.0537987	,1.9897575	,1.9257164	,1.9829140	,2.1030807	,2.2632256	,2.2284966	,2.3231544	,2.2919273	,2.0187874	,1.7456474	,1.7507019	,2.1365166	,2.2561855	,2.4761658	,2.6875935	,2.6750793	,2.7474365	,2.9813538	,3.3857422	,3.6721497	,3.8200226	,3.6823196	,2.9242554	,3.6804810	,3.7687988	,4.6450920	,5.2474289	,6.0464811	,7.4473877	,9.4595642	,11.4687462	,16.7000141	,47.0384369	,-10.8004494	,246.3818359	,25.5412445	,9.2293243	,6.5118561	,1.4812508	,-137.1128540	,
46.5401459	,1.9604766	,1.9671924	,2.0471408	,2.0544193	,2.1232364	,2.0940616	,2.1116016	,2.0952137	,2.0142772	,1.9333408	,2.0551784	,2.1911876	,2.3662288	,2.3554142	,2.4594982	,2.4526825	,2.2669144	,2.0811462	,2.4653320	,2.5111275	,2.5122471	,2.6776505	,2.8664322	,2.8206100	,2.8615417	,3.1001587	,3.5140533	,3.8094330	,3.9396324	,3.7960281	,3.0079803	,3.7851315	,3.8683014	,4.7256050	,5.2955723	,6.0313268	,7.2056885	,8.8634033	,9.4881153	,11.7881756	,17.3703461	,255.9847870	,9.5994473	,229.8993988	,15.7294922	,10.2329559	,3.8694000	,-141.6636353	,
39.5567474	,1.6112154	,1.6149480	,1.6363180	,1.6484754	,1.6696279	,1.6726415	,1.6808813	,1.6834104	,1.6668737	,1.6503370	,1.6467588	,1.7529981	,1.7988126	,1.7822340	,1.8409269	,1.8444824	,1.7452660	,1.6460495	,1.7732315	,1.9137764	,1.8954029	,1.9892159	,2.0327568	,2.0022049	,2.0159912	,2.1105423	,2.2801666	,2.3780289	,2.4534378	,2.3717880	,2.0773926	,2.3842373	,2.5590286	,2.9151840	,3.1424961	,3.4310145	,3.8783569	,4.4418945	,4.5829105	,5.0861149	,5.8564224	,22.1778412	,193.2570496	,-17.0022545	,20.0578156	,8.3275146	,2.4263039	,-119.1150665	,
58.0203133	,2.3955166	,2.4044850	,2.4915822	,2.3971303	,2.5709736	,2.5420125	,2.5604603	,2.5416768	,2.4536984	,2.3657200	,2.5002835	,2.6454098	,2.8213055	,2.7870953	,2.9211171	,2.9156208	,2.7381401	,2.5606594	,3.0137024	,2.9338684	,2.9762897	,3.1490211	,3.2660561	,3.1938858	,3.2723389	,3.3944626	,3.7443008	,3.9822998	,4.0836601	,3.9484482	,3.2635498	,3.9204941	,4.1091080	,4.8096008	,5.2611542	,5.8316140	,6.6125793	,7.6943207	,7.5739098	,8.2068710	,8.4245224	,12.6515350	,19.5096931	,27.4540710	,-47.7658501	,47.1293335	,16.6493645	,-166.0360565	,
53.0253067	,2.2568550	,2.2598076	,2.3527718	,2.4707642	,2.4283943	,2.3927498	,2.4077873	,2.3836784	,2.2919731	,2.2002678	,2.3137665	,2.4447517	,2.6259003	,2.6045189	,2.6836243	,2.6379833	,2.3477859	,2.0575886	,2.0840302	,2.3164902	,2.4870758	,2.7227783	,2.9302902	,2.8862457	,2.9822388	,3.0756378	,3.4000854	,3.6129761	,3.7023430	,3.5790634	,2.9492493	,3.5577278	,3.7209015	,4.3545456	,4.7549744	,5.2608175	,5.9404907	,6.7810669	,6.5618458	,6.9374695	,6.9334183	,9.7866974	,13.3800430	,12.7605743	,48.0471497	,-38.5092812	,64.3110275	,-141.7805786	,
59.4477615	,2.4997015	,2.5093985	,2.6148062	,2.6581297	,2.7024450	,2.6589346	,2.6765661	,2.6485243	,2.5427084	,2.4368925	,2.5437841	,2.7197371	,2.9450140	,2.8921728	,3.0324087	,3.0023041	,2.7444344	,2.4865646	,2.7786713	,2.9403915	,2.9988461	,3.1365509	,3.2718010	,3.2092209	,3.2592468	,3.3958817	,3.7387085	,3.9607773	,4.0505638	,3.9172134	,3.2352600	,3.8724842	,4.0672531	,4.7214928	,5.1265736	,5.6228485	,6.2413635	,7.0594025	,6.7458248	,6.9889679	,6.8701553	,9.1341553	,11.6967583	,10.1639557	,22.1676025	,85.0482178	,1.2705612	,-126.1240997	,
56.7215233	,2.1972358	,2.2025096	,2.2830226	,2.3193843	,2.3499477	,2.3193767	,2.3323238	,2.3135059	,2.2358997	,2.1582935	,2.2317569	,2.4093502	,2.5225132	,2.4717319	,2.5686767	,2.5250912	,2.2731400	,2.0211887	,1.9866333	,2.2368355	,2.3618317	,2.5701103	,2.7475777	,2.7242661	,2.7094421	,2.6946182	,2.9628754	,3.1360474	,3.2088623	,3.1024780	,2.5808258	,3.0745506	,3.2232742	,3.7272644	,4.0387611	,4.4171958	,4.8818665	,5.4711456	,5.2076683	,5.3613815	,5.2153854	,6.7168350	,8.3349419	,6.9828949	,12.8255920	,20.8566589	,45.9233246	,14.1157551	,
